3 0.4125 0.46015625 0.11796875 0.0796875
3 0.1 0.46328125 0.05078125 0.0921875
4 0.61171875 0.5078125 0.06953125 0.0671875
4 0.52734375 0.54453125 0.05078125 0.05078125
3 0.2203125 0.596875 0.07421875 0.0921875
4 0.43984375 0.653125 0.0671875 0.0828125
4 0.19609375 0.915625 0.07421875 0.0796875
4 0.45078125 0.93984375 0.07421875 0.0765625
3 0.21640625 0.12421875 0.08671875 0.0703125
3 0.6828125 0.13984375 0.0765625 0.0828125
3 0.54921875 0.184375 0.07421875 0.0828125
3 0.19375 0.2359375 0.0796875 0.05703125
3 0.328125 0.246875 0.09375 0.13046875
3 0.16328125 0.3171875 0.0625 0.0984375
3 0.35546875 0.36484375 0.10078125 0.0984375
3 0.4515625 0.37421875 0.04296875 0.06015625