1 0.20078125 0.47109375 0.0796875 0.0890625
1 0.421875 0.47578125 0.06015625 0.0671875
1 0.33671875 0.4859375 0.0625 0.11171875
1 0.52265625 0.5078125 0.11796875 0.0984375
1 0.28359375 0.52421875 0.1109375 0.0796875
1 0.44453125 0.56875 0.10078125 0.11171875
1 0.28515625 0.62578125 0.084375 0.0796875
1 0.30390625 0.6859375 0.0984375 0.0921875
1 0.53984375 0.70234375 0.18984375 0.18828125
1 0.3796875 0.83125 0.053125 0.05703125
1 0.3890625 0.89453125 0.053125 0.0703125
1 0.3484375 0.9 0.0578125 0.06015625
1 0.4578125 0.103125 0.084375 0.0796875
1 0.60703125 0.35546875 0.103125 0.10546875
1 0.40234375 0.38203125 0.06953125 0.0765625
1 0.5 0.39296875 0.0578125 0.0796875
1 0.5 0.4296875 0.09140625 0.03828125