1 0.6078125 0.4921875 0.03828125 0.04765625
1 0.4828125 0.5015625 0.04296875 0.04765625
1 0.3609375 0.5078125 0.04296875 0.04765625
1 0.2671875 0.53359375 0.04296875 0.04765625
1 0.271875 0.05546875 0.0625 0.04765625
1 0.2515625 0.61484375 0.09375 0.0703125
1 0.35703125 0.0640625 0.0453125 0.05703125
1 0.4109375 0.6546875 0.053125 0.0671875
1 0.52265625 0.653125 0.05078125 0.03828125
1 0.35703125 0.6734375 0.07421875 0.0671875
1 0.4515625 0.73125 0.03828125 0.03515625
1 0.4078125 0.75625 0.05078125 0.04765625
1 0.6734375 0.76875 0.0765625 0.06015625
1 0.41328125 0.8140625 0.053125 0.04765625
1 0.28984375 0.11953125 0.06015625 0.04765625
1 0.3890625 0.16875 0.0578125 0.05078125
1 0.69609375 0.175 0.06953125 0.0703125
1 0.61640625 0.184375 0.0359375 0.03828125
1 0.5640625 0.19765625 0.06953125 0.05703125
1 0.35703125 0.20859375 0.06015625 0.06015625
1 0.23671875 0.22265625 0.0359375 0.04453125
1 0.4578125 0.2609375 0.06953125 0.0828125
1 0.61328125 0.2625 0.0625 0.0671875
1 0.3296875 0.265625 0.0671875 0.06015625
1 0.78984375 0.27734375 0.0453125 0.04453125
1 0.5578125 0.30546875 0.08671875 0.0703125
1 0.43984375 0.31875 0.08671875 0.05078125
1 0.6609375 0.321875 0.053125 0.05703125
1 0.3546875 0.3484375 0.084375 0.0671875
1 0.73828125 0.3515625 0.0578125 0.06015625
1 0.30078125 0.39296875 0.053125 0.06015625
1 0.36640625 0.415625 0.06015625 0.06015625
1 0.4078125 0.4140625 0.06015625 0.05703125
1 0.63359375 0.428125 0.0453125 0.06015625
1 0.709375 0.4328125 0.08671875 0.05703125
1 0.44609375 0.44609375 0.06015625 0.05703125