5 0.59375 0.45078125 0.053125 0.06015625
5 0.27265625 0.44921875 0.06015625 0.04453125
5 0.22734375 0.4875 0.05078125 0.05703125
5 0.64921875 0.5109375 0.0671875 0.04765625
4 0.6609375 0.59375 0.0578125 0.0796875
4 0.5453125 0.71328125 0.053125 0.0828125
0 0.73671875 0.7578125 0.06953125 0.0828125
0 0.390625 0.79453125 0.06953125 0.0921875
5 0.46015625 0.11640625 0.05078125 0.04765625
5 0.63359375 0.03046875 0.040625 0.06015625
5 0.73828125 0.36953125 0.0671875 0.0828125
5 0.5578125 0.425 0.03828125 0.03515625