0 0.5625 0.45390625 0.04296875 0.04765625
0 0.7546875 0.46171875 0.03359375 0.04453125
0 0.7140625 0.52890625 0.0625 0.05703125
0 0.63828125 0.61015625 0.06953125 0.0796875
0 0.67890625 0.675 0.084375 0.0890625
0 0.46171875 0.74375 0.0671875 0.06015625
0 0.59609375 0.321875 0.0578125 0.03828125
0 0.66796875 0.346875 0.053125 0.0828125
0 0.66484375 0.36171875 0.05078125 0.04765625
0 0.54921875 0.37890625 0.0359375 0.0765625
0 0.6875 0.415625 0.0625 0.04765625
0 0.59765625 0.4265625 0.0359375 0.04453125