5 0.1625 0.490625 0.0453125 0.04453125
3 0.7125 0.52734375 0.06953125 0.0796875
3 0.26796875 0.56015625 0.05078125 0.0703125
5 0.803125 0.6625 0.02890625 0.02578125
5 0.7546875 0.66875 0.03359375 0.05703125
5 0.896875 0.69296875 0.053125 0.04765625
4 0.5140625 0.69453125 0.04296875 0.0765625
5 0.88203125 0.72578125 0.02890625 0.03828125
5 0.765625 0.7375 0.0265625 0.02890625
5 0.271875 0.7671875 0.04296875 0.02578125
5 0.7015625 0.821875 0.04296875 0.0765625
5 0.74375 0.8328125 0.0359375 0.02265625
5 0.55078125 0.85859375 0.053125 0.04765625