3 0.24375 0.490625 0.06015625 0.05703125
3 0.17890625 0.52421875 0.0453125 0.0984375
3 0.47109375 0.5734375 0.08671875 0.0828125
3 0.40859375 0.61640625 0.0578125 0.0921875
0 0.18046875 0.675 0.0578125 0.0890625
3 0.3921875 0.821875 0.08671875 0.12109375
0 0.19921875 0.86328125 0.0578125 0.0703125
0 0.48671875 0.13203125 0.06953125 0.0796875
4 0.26171875 0.2328125 0.0578125 0.0703125
0 0.5828125 0.30546875 0.06953125 0.0890625
5 0.44921875 0.36171875 0.04296875 0.06015625
5 0.51328125 0.38203125 0.05078125 0.0703125
5 0.43984375 0.421875 0.053125 0.04765625