3 0.65390625 0.46796875 0.053125 0.0890625
3 0.5609375 0.47265625 0.06953125 0.0796875
3 0.7296875 0.4796875 0.06015625 0.0671875
3 0.47265625 0.53515625 0.06015625 0.05078125
3 0.22265625 0.54609375 0.05078125 0.06015625
3 0.38359375 0.54921875 0.0453125 0.0796875
3 0.2875 0.55546875 0.06015625 0.0921875
3 0.4890625 0.60546875 0.0453125 0.05703125
3 0.6765625 0.61328125 0.0359375 0.0796875
3 0.17890625 0.63671875 0.06015625 0.0703125
3 0.5828125 0.63984375 0.06953125 0.05703125
3 0.05390625 0.6796875 0.07421875 0.06015625
3 0.13125 0.684375 0.06015625 0.0765625
3 0.0421875 0.746875 0.06015625 0.0796875
3 0.3484375 0.76875 0.053125 0.04765625
3 0.1515625 0.78359375 0.0671875 0.0890625
3 0.68359375 0.81015625 0.06953125 0.0796875
3 0.4015625 0.159375 0.0625 0.0828125
3 0.50859375 0.19453125 0.05078125 0.0828125
3 0.3953125 0.2609375 0.05078125 0.0890625
3 0.3390625 0.2671875 0.04296875 0.05703125
3 0.3578125 0.03046875 0.0625 0.06015625
3 0.51953125 0.353125 0.053125 0.0703125
3 0.32578125 0.37109375 0.06953125 0.0796875
3 0.6828125 0.37734375 0.0765625 0.0984375
3 0.76796875 0.38203125 0.0453125 0.0828125