5 0.83203125 0.04453125 0.03359375 0.03828125
5 0.53125 0.44921875 0.02890625 0.05078125
5 0.70078125 0.05234375 0.0453125 0.04765625
3 0.2953125 0.584375 0.0765625 0.0796875
3 0.6 0.603125 0.103125 0.10546875
4 0.671875 0.765625 0.06953125 0.0796875
3 0.78515625 0.7671875 0.07421875 0.0828125
3 0.5734375 0.79921875 0.11796875 0.0890625
4 0.4328125 0.88671875 0.0578125 0.0796875
0 0.68359375 0.921875 0.06015625 0.06015625
0 0.56015625 0.96015625 0.0625 0.0734375
5 0.38203125 0.103125 0.0625 0.06015625
5 0.6390625 0.18984375 0.0578125 0.03515625
4 0.66484375 0.27578125 0.084375 0.0984375
5 0.321875 0.28984375 0.053125 0.05703125
5 0.5765625 0.3359375 0.03828125 0.04765625
5 0.5015625 0.37890625 0.0359375 0.03828125