5 0.62109375 0.5 0.0453125 0.05078125
0 0.665625 0.5078125 0.053125 0.0671875
0 0.42890625 0.53828125 0.0453125 0.0765625
5 0.58671875 0.64453125 0.053125 0.06015625
5 0.6234375 0.6703125 0.0359375 0.04765625
0 0.7640625 0.740625 0.0671875 0.04765625
5 0.72109375 0.8296875 0.04296875 0.03515625
2 0.90234375 0.909375 0.084375 0.10546875
0 0.4109375 0.925 0.0625 0.0671875
0 0.68125 0.159375 0.05078125 0.03828125
0 0.92421875 0.37734375 0.05078125 0.04765625
0 0.946875 0.4296875 0.03828125 0.04453125