2 0.7953125 0.47578125 0.0578125 0.06015625
3 0.275 0.503125 0.06015625 0.11484375
4 0.8421875 0.5796875 0.06015625 0.05078125
4 0.7796875 0.63203125 0.021875 0.03515625
4 0.4671875 0.63515625 0.06953125 0.06015625
4 0.609375 0.64140625 0.06015625 0.0921875
2 0.078125 0.6515625 0.07421875 0.0921875
4 0.52265625 0.653125 0.06015625 0.0703125
4 0.75703125 0.71953125 0.03828125 0.05078125
4 0.8375 0.7546875 0.0453125 0.03828125
4 0.57421875 0.78515625 0.0625 0.04765625
4 0.53828125 0.79765625 0.053125 0.06015625
2 0.85703125 0.44453125 0.05078125 0.06015625