0 0.5140625 0.46171875 0.04296875 0.04453125
0 0.45546875 0.46796875 0.06015625 0.05078125
0 0.6734375 0.47578125 0.0671875 0.0671875
0 0.51796875 0.5171875 0.06953125 0.0671875
0 0.65625 0.52890625 0.0625 0.0703125
0 0.85078125 0.54765625 0.0578125 0.0703125
0 0.23203125 0.54921875 0.07421875 0.0796875
0 0.45703125 0.55546875 0.0625 0.0796875
0 0.76328125 0.56015625 0.05078125 0.05703125
0 0.17421875 0.5734375 0.0796875 0.1015625
0 0.57421875 0.5953125 0.053125 0.0765625
0 0.51953125 0.6 0.053125 0.0671875
0 0.609375 0.65 0.0359375 0.05703125
0 0.2921875 0.66875 0.06015625 0.0890625
0 0.35546875 0.746875 0.053125 0.06015625
0 0.7484375 0.85703125 0.06015625 0.0828125
0 0.4703125 0.0984375 0.07421875 0.0703125
0 0.47734375 0.1609375 0.0796875 0.04765625
0 0.59609375 0.16875 0.0578125 0.0890625
0 0.36796875 0.21640625 0.0765625 0.1015625
0 0.478125 0.246875 0.0671875 0.0796875
0 0.553125 0.29921875 0.0671875 0.0828125
0 0.4484375 0.334375 0.0796875 0.0765625
0 0.65 0.4 0.06015625 0.0671875
0 0.7546875 0.4015625 0.0671875 0.1015625