3 0.67421875 0.47421875 0.05078125 0.05078125
1 0.7453125 0.47734375 0.053125 0.05703125
3 0.828125 0.54453125 0.0453125 0.05078125
3 0.51171875 0.56015625 0.0625 0.05703125
4 0.2828125 0.5796875 0.0359375 0.05078125
3 0.834375 0.5984375 0.053125 0.05078125
3 0.5515625 0.6 0.0359375 0.0671875
3 0.52421875 0.61640625 0.04296875 0.06015625
3 0.821875 0.6640625 0.03828125 0.03515625
3 0.484375 0.6703125 0.05078125 0.04765625
3 0.9078125 0.70859375 0.0453125 0.06015625
3 0.4984375 0.73125 0.0453125 0.0796875
4 0.36875 0.11640625 0.0453125 0.0796875
0 0.90390625 0.1546875 0.04296875 0.06015625
0 0.76953125 0.20703125 0.0765625 0.0765625
3 0.42578125 0.23125 0.0625 0.0796875
3 0.61328125 0.3328125 0.053125 0.06015625
3 0.45078125 0.36484375 0.09375 0.0796875
3 0.71640625 0.36328125 0.0671875 0.0703125
3 0.6109375 0.37265625 0.0625 0.05078125
3 0.709375 0.4109375 0.053125 0.05703125
3 0.4828125 0.4140625 0.0625 0.0703125
3 0.55546875 0.4140625 0.03828125 0.05703125