3 0.49609375 0.45078125 0.0359375 0.06015625
3 0.30625 0.45234375 0.05078125 0.05703125
3 0.41015625 0.46015625 0.0359375 0.03515625
3 0.2859375 0.5 0.04296875 0.03828125
3 0.2859375 0.5640625 0.03828125 0.05703125
3 0.4359375 0.575 0.06953125 0.0671875
3 0.76171875 0.5984375 0.0578125 0.0765625
3 0.3171875 0.63203125 0.03828125 0.06015625
3 0.1734375 0.63046875 0.04296875 0.05703125
3 0.6140625 0.69296875 0.0453125 0.0671875
3 0.34609375 0.1625 0.04296875 0.05703125
3 0.56875 0.18828125 0.0359375 0.05078125
3 0.50859375 0.21640625 0.0453125 0.0765625
3 0.4 0.22265625 0.06015625 0.0703125
3 0.30625 0.2453125 0.05078125 0.0703125
3 0.3734375 0.2703125 0.05078125 0.03828125
3 0.40390625 0.30078125 0.04296875 0.0671875
3 0.26796875 0.30859375 0.0453125 0.04453125
3 0.43046875 0.33125 0.04296875 0.05078125
3 0.5375 0.35546875 0.05078125 0.0671875
3 0.3640625 0.37578125 0.0359375 0.05703125
3 0.32109375 0.39140625 0.05078125 0.05078125
3 0.4421875 0.4171875 0.02890625 0.05078125