1 0.68515625 0.5015625 0.08671875 0.0921875
1 0.584375 0.5046875 0.08671875 0.10546875
1 0.97109375 0.515625 0.053125 0.1015625
1 0.7046875 0.584375 0.0625 0.06015625
1 0.53359375 0.60703125 0.08671875 0.0921875
1 0.359375 0.62734375 0.0984375 0.1015625
1 0.6859375 0.70234375 0.11796875 0.11171875
1 0.44375 0.71171875 0.06953125 0.0984375
1 0.5921875 0.7390625 0.0984375 0.0890625
1 0.3765625 0.7390625 0.084375 0.12109375
1 0.2546875 0.83125 0.09140625 0.0765625
1 0.4046875 0.86953125 0.07421875 0.0890625
1 0.178125 0.88828125 0.0578125 0.05703125
3 0.5921875 0.903125 0.07421875 0.13671875
1 0.31484375 0.921875 0.053125 0.0671875
1 0.24375 0.95390625 0.0796875 0.06015625
1 0.4234375 0.95859375 0.125 0.0703125
1 0.55078125 0.2625 0.0671875 0.0796875
1 0.484375 0.2671875 0.06953125 0.0828125
1 0.47265625 0.38359375 0.1078125 0.0921875
4 0.8125 0.409375 0.0625 0.0796875
1 0.74140625 0.4125 0.09375 0.0921875