4 0.8078125 0.46796875 0.0671875 0.0765625
5 0.37109375 0.47734375 0.05078125 0.05703125
5 0.40625 0.4828125 0.02890625 0.03515625
5 0.89921875 0.50625 0.02890625 0.05078125
4 0.1859375 0.5125 0.06953125 0.0703125
5 0.88671875 0.5671875 0.03359375 0.05703125
5 0.63203125 0.5953125 0.053125 0.05703125
5 0.9109375 0.61015625 0.03359375 0.04765625
0 0.3484375 0.6578125 0.0578125 0.06015625
5 0.41796875 0.665625 0.04296875 0.04453125
5 0.44921875 0.70546875 0.04296875 0.04765625
0 0.5421875 0.7703125 0.05078125 0.03828125
5 0.30390625 0.4078125 0.05078125 0.05703125
5 0.34375 0.409375 0.02890625 0.03515625
5 0.2703125 0.4140625 0.0359375 0.05078125
4 0.14921875 0.44609375 0.0625 0.0703125