0 0.2859375 0.45703125 0.03359375 0.0671875
0 0.26796875 0.4875 0.0265625 0.05703125
0 0.77421875 0.53984375 0.04296875 0.04765625
0 0.7171875 0.05546875 0.11796875 0.0671875
0 0.68515625 0.55546875 0.115625 0.0796875
0 0.21171875 0.5890625 0.03828125 0.04453125
0 0.25703125 0.5984375 0.053125 0.0765625
0 0.51328125 0.090625 0.05078125 0.0796875
0 0.90390625 0.10703125 0.09140625 0.04765625
0 0.553125 0.11328125 0.0671875 0.06015625
0 0.51171875 0.1609375 0.0765625 0.03515625
0 0.89921875 0.20703125 0.0671875 0.05078125
0 0.63359375 0.21328125 0.06953125 0.0765625
0 0.571875 0.22421875 0.0625 0.06015625
0 0.37734375 0.2421875 0.0578125 0.05078125
0 0.17578125 0.2578125 0.0578125 0.0828125
0 0.9109375 0.2609375 0.0625 0.0765625
0 0.53828125 0.28515625 0.053125 0.06015625
0 0.4390625 0.29140625 0.06015625 0.06015625
0 0.4671875 0.340625 0.05078125 0.0890625
0 0.81484375 0.36953125 0.03828125 0.0703125
0 0.509375 0.37890625 0.04296875 0.05703125
0 0.4625 0.4265625 0.05078125 0.0703125
0 0.32421875 0.4296875 0.03359375 0.05703125
2 0.61640625 0.43984375 0.11796875 0.153125
0 0.71171875 0.44765625 0.04296875 0.0671875