3 0.8140625 0.47421875 0.06953125 0.0765625
0 0.7328125 0.5015625 0.053125 0.0671875
2 0.18359375 0.7390625 0.07421875 0.0765625
2 0.290625 0.79453125 0.0671875 0.06015625
3 0.1828125 0.084375 0.053125 0.0671875
2 0.71875 0.8359375 0.0765625 0.0671875
3 0.86640625 0.19921875 0.0453125 0.0921875
3 0.8125 0.2359375 0.053125 0.0703125
5 0.3484375 0.27734375 0.04296875 0.05078125
4 0.4234375 0.321875 0.03828125 0.05078125
3 0.33203125 0.334375 0.0671875 0.05703125
3 0.87109375 0.39140625 0.05078125 0.0703125
4 0.32109375 0.3984375 0.084375 0.0890625
0 0.25625 0.425 0.05078125 0.04765625
0 0.1984375 0.43828125 0.06015625 0.06015625