0 0.39296875 0.46484375 0.06953125 0.0828125
0 0.4328125 0.46796875 0.0625 0.0828125
0 0.27421875 0.5046875 0.053125 0.06015625
0 0.28828125 0.54140625 0.03828125 0.03828125
0 0.52890625 0.5875 0.0625 0.0671875
0 0.296875 0.5984375 0.0453125 0.04453125
0 0.3921875 0.62265625 0.0578125 0.04765625
0 0.35 0.6640625 0.0453125 0.06015625
0 0.59375 0.69765625 0.053125 0.0703125
0 0.6203125 0.77890625 0.0671875 0.0671875
0 0.1390625 0.78515625 0.0625 0.0796875
0 0.8703125 0.89140625 0.03828125 0.0703125
0 0.51796875 0.0890625 0.07421875 0.0703125
0 0.84609375 0.94765625 0.0671875 0.06015625
0 0.23203125 0.20390625 0.06953125 0.05703125
0 0.82109375 0.27734375 0.06953125 0.0828125
0 0.47734375 0.38515625 0.06953125 0.0890625