3 0.34609375 0.46796875 0.053125 0.0890625
3 0.44140625 0.47265625 0.06953125 0.0796875
3 0.27265625 0.4796875 0.06015625 0.0671875
3 0.5296875 0.53515625 0.06015625 0.05078125
3 0.7796875 0.54609375 0.05078125 0.06015625
3 0.61875 0.54921875 0.0453125 0.0796875
3 0.71484375 0.55546875 0.06015625 0.0921875
3 0.51328125 0.60546875 0.0453125 0.05703125
3 0.32578125 0.61328125 0.0359375 0.0796875
3 0.8234375 0.63671875 0.06015625 0.0703125
3 0.41953125 0.63984375 0.06953125 0.05703125
3 0.9484375 0.6796875 0.07421875 0.06015625
3 0.87109375 0.684375 0.06015625 0.0765625
3 0.96015625 0.746875 0.06015625 0.0796875
3 0.6515625 0.76875 0.053125 0.04765625
3 0.8484375 0.78359375 0.0671875 0.0890625
3 0.31875 0.81015625 0.06953125 0.0796875
3 0.5984375 0.159375 0.0625 0.0828125
3 0.49375 0.19453125 0.05078125 0.0828125
3 0.60703125 0.2609375 0.05078125 0.0890625
3 0.6609375 0.2671875 0.04296875 0.05703125
3 0.6421875 0.03046875 0.0625 0.06015625
3 0.48046875 0.353125 0.053125 0.0703125
3 0.6765625 0.37109375 0.06953125 0.0796875
3 0.3171875 0.37734375 0.0765625 0.0984375
3 0.234375 0.38203125 0.0453125 0.0828125