5 0.540625 0.48125 0.03828125 0.04453125
5 0.459375 0.4828125 0.02890625 0.03515625
5 0.71171875 0.4859375 0.02890625 0.03515625
5 0.6734375 0.515625 0.02890625 0.02578125
5 0.62265625 0.53203125 0.03359375 0.03828125
3 0.4421875 0.53203125 0.053125 0.05703125
5 0.5796875 0.54921875 0.03828125 0.03515625
5 0.38125 0.56171875 0.0359375 0.02890625
3 0.51328125 0.584375 0.05078125 0.04765625
5 0.5890625 0.59375 0.03828125 0.03515625
5 0.60546875 0.71953125 0.04296875 0.04453125
5 0.29453125 0.746875 0.06015625 0.04765625
5 0.49140625 0.7640625 0.0453125 0.05078125
5 0.4265625 0.2453125 0.0359375 0.04453125
5 0.63671875 0.30546875 0.03359375 0.03828125
5 0.56484375 0.3171875 0.03828125 0.03515625
5 0.55390625 0.36015625 0.0265625 0.02578125
5 0.46171875 0.39296875 0.03359375 0.02890625
5 0.63203125 0.4140625 0.04296875 0.04453125
3 0.7125 0.44453125 0.0359375 0.04765625