3 0.75859375 0.490625 0.06015625 0.05703125
3 0.8234375 0.52421875 0.0453125 0.0984375
3 0.52890625 0.5734375 0.08671875 0.0828125
3 0.59140625 0.61640625 0.0578125 0.0921875
0 0.81953125 0.675 0.0578125 0.0890625
3 0.6078125 0.821875 0.08671875 0.12109375
0 0.80078125 0.86328125 0.0578125 0.0703125
0 0.515625 0.13203125 0.06953125 0.0796875
4 0.73828125 0.2328125 0.0578125 0.0703125
0 0.41953125 0.30546875 0.06953125 0.0890625
5 0.55078125 0.36171875 0.04296875 0.06015625
5 0.4890625 0.38203125 0.05078125 0.0703125
5 0.56015625 0.421875 0.053125 0.04765625