3 0.8546875 0.53046875 0.07421875 0.14296875
3 0.13828125 0.56015625 0.084375 0.0765625
3 0.53515625 0.603125 0.06953125 0.0796875
3 0.796875 0.63515625 0.06015625 0.10546875
3 0.7546875 0.64453125 0.0671875 0.0984375
3 0.13125 0.646875 0.06953125 0.0828125
3 0.5578125 0.6625 0.0625 0.05703125
3 0.6078125 0.7390625 0.0578125 0.05078125
3 0.678125 0.77421875 0.03828125 0.05078125
3 0.8140625 0.8265625 0.06953125 0.0671875
3 0.509375 0.8390625 0.0625 0.0671875
0 0.97421875 0.83984375 0.0515625 0.0515625
3 0.771875 0.85703125 0.10078125 0.05703125
0 0.4 0.1859375 0.05078125 0.06015625
0 0.42890625 0.28359375 0.05078125 0.05703125
0 0.98671875 0.3328125 0.0265625 0.06015625
3 0.8640625 0.4015625 0.07421875 0.0828125
0 0.32421875 0.409375 0.0578125 0.0671875
0 0.4734375 0.43984375 0.0625 0.0703125