5 0.42890625 0.45390625 0.021875 0.04765625
5 0.91953125 0.46171875 0.021875 0.03828125
5 0.5109375 0.53828125 0.0265625 0.03828125
5 0.646875 0.5890625 0.04296875 0.04453125
5 0.303125 0.59375 0.03828125 0.03515625
5 0.39921875 0.5921875 0.03359375 0.05078125
5 0.50703125 0.6 0.02890625 0.04765625
5 0.4265625 0.63671875 0.0359375 0.05703125
5 0.540625 0.64296875 0.02890625 0.04453125
5 0.85234375 0.6625 0.0359375 0.03828125
5 0.25625 0.665625 0.0359375 0.05078125
5 0.8765625 0.6796875 0.0265625 0.03515625
5 0.40625 0.70859375 0.03359375 0.04765625
5 0.303125 0.7390625 0.03359375 0.05078125
5 0.353125 0.7515625 0.04296875 0.04453125
5 0.14765625 0.7703125 0.0359375 0.05703125
5 0.4359375 0.79296875 0.0359375 0.03828125
5 0.24296875 0.828125 0.02890625 0.04453125
5 0.103125 0.83125 0.01953125 0.03828125
5 0.384375 0.834375 0.02890625 0.03828125
5 0.490625 0.86953125 0.02890625 0.05078125
5 0.55546875 0.925 0.03828125 0.06015625
5 0.45078125 0.95390625 0.021875 0.03515625
5 0.47265625 0.95234375 0.021875 0.04453125
5 0.80546875 0.36328125 0.02890625 0.04453125
5 0.44921875 0.36796875 0.02890625 0.03515625