3 0.328125 0.47421875 0.05078125 0.05078125
1 0.2546875 0.47734375 0.053125 0.05703125
3 0.17421875 0.54453125 0.0453125 0.05078125
3 0.48828125 0.56015625 0.0625 0.05703125
4 0.7203125 0.5796875 0.0359375 0.05078125
3 0.165625 0.5984375 0.053125 0.05078125
3 0.45078125 0.6 0.0359375 0.0671875
3 0.47578125 0.61640625 0.04296875 0.06015625
3 0.178125 0.6640625 0.03828125 0.03515625
3 0.51796875 0.6703125 0.05078125 0.04765625
3 0.0953125 0.70859375 0.0453125 0.06015625
3 0.50390625 0.73125 0.0453125 0.0796875
4 0.63359375 0.11640625 0.0453125 0.0796875
0 0.09609375 0.1546875 0.04296875 0.06015625
0 0.23046875 0.20703125 0.0765625 0.0765625
3 0.57421875 0.23125 0.0625 0.0796875
3 0.38671875 0.3328125 0.053125 0.06015625
3 0.5515625 0.36484375 0.09375 0.0796875
3 0.28359375 0.36328125 0.0671875 0.0703125
3 0.3890625 0.37265625 0.0625 0.05078125
3 0.290625 0.4109375 0.053125 0.05703125
3 0.5171875 0.4140625 0.0625 0.0703125
3 0.44453125 0.4140625 0.03828125 0.05703125