5 0.5734375 0.45390625 0.021875 0.04765625
5 0.0828125 0.46171875 0.021875 0.03828125
5 0.49140625 0.53828125 0.0265625 0.03828125
5 0.353125 0.5890625 0.04296875 0.04453125
5 0.696875 0.59375 0.03828125 0.03515625
5 0.60078125 0.5921875 0.03359375 0.05078125
5 0.49296875 0.6 0.02890625 0.04765625
5 0.57578125 0.63671875 0.0359375 0.05703125
5 0.459375 0.64296875 0.02890625 0.04453125
5 0.15 0.6625 0.0359375 0.03828125
5 0.74609375 0.665625 0.0359375 0.05078125
5 0.1265625 0.6796875 0.0265625 0.03515625
5 0.59375 0.70859375 0.03359375 0.04765625
5 0.696875 0.7390625 0.03359375 0.05078125
5 0.646875 0.7515625 0.04296875 0.04453125
5 0.8546875 0.7703125 0.0359375 0.05703125
5 0.56640625 0.79296875 0.0359375 0.03828125
5 0.75703125 0.828125 0.02890625 0.04453125
5 0.896875 0.83125 0.01953125 0.03828125
5 0.615625 0.834375 0.02890625 0.03828125
5 0.509375 0.86953125 0.02890625 0.05078125
5 0.44453125 0.925 0.03828125 0.06015625
5 0.5515625 0.95390625 0.021875 0.03515625
5 0.5296875 0.95234375 0.021875 0.04453125
5 0.19453125 0.36328125 0.02890625 0.04453125
5 0.55078125 0.36796875 0.02890625 0.03515625