5 0.5453125 0.47421875 0.053125 0.0828125
5 0.49140625 0.4953125 0.05078125 0.0796875
5 0.615625 0.5828125 0.053125 0.0765625
5 0.4828125 0.05859375 0.04296875 0.06015625
5 0.39453125 0.5875 0.053125 0.0671875
5 0.45078125 0.61640625 0.05078125 0.0671875
5 0.44921875 0.6765625 0.0625 0.0671875
5 0.61328125 0.7359375 0.04296875 0.0828125
5 0.51953125 0.834375 0.0671875 0.0765625
5 0.5578125 0.86328125 0.04296875 0.05078125
5 0.4625 0.88046875 0.06015625 0.0671875
5 0.37890625 0.89296875 0.06953125 0.0671875
5 0.47578125 0.13671875 0.053125 0.0765625
5 0.4984375 0.20859375 0.06953125 0.04765625
5 0.459375 0.27734375 0.053125 0.0765625
5 0.37890625 0.28984375 0.06953125 0.0703125
5 0.3296875 0.321875 0.0765625 0.05703125
5 0.43046875 0.39296875 0.0671875 0.06015625
5 0.48828125 0.4359375 0.0765625 0.05703125