1 0.765625 0.45703125 0.0453125 0.0671875
1 0.1765625 0.47109375 0.0265625 0.03828125
1 0.7671875 0.515625 0.04296875 0.0703125
1 0.0921875 0.05078125 0.0453125 0.04453125
1 0.178125 0.54609375 0.03828125 0.04765625
1 0.23828125 0.55234375 0.03828125 0.04765625
1 0.75625 0.5984375 0.0359375 0.05078125
1 0.19375 0.61484375 0.0453125 0.05078125
1 0.61171875 0.0640625 0.0265625 0.03828125
1 0.8796875 0.065625 0.03359375 0.04765625
1 0.21875 0.6546875 0.04296875 0.03515625
3 0.609375 0.7453125 0.0453125 0.05703125
3 0.27734375 0.79453125 0.05078125 0.06015625
1 0.68984375 0.821875 0.03359375 0.05703125
1 0.33046875 0.828125 0.0359375 0.05078125
1 0.20078125 0.084375 0.0453125 0.03515625
1 0.9125 0.0921875 0.0359375 0.05703125
1 0.3796875 0.9296875 0.03359375 0.05703125
1 0.15625 0.0984375 0.02890625 0.05078125
1 0.37109375 0.10703125 0.0359375 0.04765625
1 0.7390625 0.11796875 0.05078125 0.0828125
1 0.96484375 0.11796875 0.0265625 0.05703125
1 0.10703125 0.0125 0.0328125 0.025
1 0.146875 0.13828125 0.0578125 0.06015625
1 0.609375 0.14296875 0.0453125 0.0703125
3 0.084375 0.15 0.0578125 0.0890625
1 0.3390625 0.15 0.03828125 0.05703125
1 0.85703125 0.153125 0.0453125 0.04453125
1 0.9625 0.1609375 0.0453125 0.04765625
1 0.16796875 0.2609375 0.04296875 0.03828125
1 0.08984375 0.29140625 0.0359375 0.03515625
1 0.9109375 0.03984375 0.04296875 0.04765625
1 0.1203125 0.03828125 0.03828125 0.03828125
1 0.8796875 0.38203125 0.03359375 0.05078125
1 0.15859375 0.4171875 0.03828125 0.05078125
1 0.6890625 0.4265625 0.0453125 0.05703125
1 0.8296875 0.44140625 0.03828125 0.06015625
1 0.12265625 0.44140625 0.02890625 0.06015625