5 0.6296875 0.46171875 0.02890625 0.02578125
5 0.36796875 0.484375 0.03828125 0.03828125
5 0.3796875 0.52734375 0.04296875 0.03515625
5 0.4 0.62734375 0.06015625 0.0765625
5 0.24765625 0.63671875 0.04296875 0.04453125
3 0.73828125 0.64140625 0.0578125 0.04765625
1 0.61796875 0.6484375 0.03359375 0.03515625
5 0.27265625 0.7453125 0.0359375 0.03828125
5 0.478125 0.753125 0.03828125 0.03515625
5 0.37109375 0.7625 0.0359375 0.0671875
4 0.53984375 0.76875 0.0453125 0.04765625
4 0.43515625 0.80234375 0.04296875 0.05703125
1 0.5765625 0.80703125 0.03828125 0.06015625
3 0.64921875 0.8140625 0.0578125 0.0671875
1 0.375 0.853125 0.03359375 0.05078125
3 0.86875 0.86953125 0.05078125 0.05078125
5 0.45546875 0.9125 0.0359375 0.04765625