2 0.6984375 0.04765625 0.05078125 0.0703125
1 0.58984375 0.54921875 0.05078125 0.06015625
1 0.0625 0.63671875 0.03828125 0.1015625
1 0.19609375 0.6484375 0.06015625 0.06015625
4 0.16484375 0.7671875 0.06953125 0.0765625
1 0.2703125 0.79765625 0.05078125 0.06015625
1 0.22578125 0.85859375 0.053125 0.0671875
1 0.28125 0.9 0.03828125 0.0671875
4 0.72109375 0.1640625 0.053125 0.04765625
1 0.13203125 0.19765625 0.04296875 0.05078125
1 0.2859375 0.28359375 0.03828125 0.0703125
1 0.06484375 0.37734375 0.0625 0.06015625
2 0.36171875 0.409375 0.0796875 0.0984375