3 0.50625 0.45078125 0.0359375 0.06015625
3 0.69609375 0.45234375 0.05078125 0.05703125
3 0.5921875 0.46015625 0.0359375 0.03515625
3 0.7140625 0.5 0.04296875 0.03828125
3 0.7140625 0.5640625 0.03828125 0.05703125
3 0.56640625 0.575 0.06953125 0.0671875
3 0.23828125 0.5984375 0.0578125 0.0765625
3 0.6828125 0.63203125 0.03828125 0.06015625
3 0.8265625 0.63046875 0.04296875 0.05703125
3 0.38828125 0.69296875 0.0453125 0.0671875
3 0.65390625 0.1625 0.04296875 0.05703125
3 0.43359375 0.18828125 0.0359375 0.05078125
3 0.49375 0.21640625 0.0453125 0.0765625
3 0.60234375 0.22265625 0.06015625 0.0703125
3 0.69609375 0.2453125 0.05078125 0.0703125
3 0.62890625 0.2703125 0.05078125 0.03828125
3 0.59609375 0.30078125 0.04296875 0.0671875
3 0.734375 0.30859375 0.0453125 0.04453125
3 0.56953125 0.33125 0.04296875 0.05078125
3 0.46484375 0.35546875 0.05078125 0.0671875
3 0.63828125 0.37578125 0.0359375 0.05703125
3 0.68125 0.39140625 0.05078125 0.05078125
3 0.5578125 0.4171875 0.02890625 0.05078125