5 0.459375 0.48125 0.03828125 0.04453125
5 0.540625 0.4828125 0.02890625 0.03515625
5 0.28828125 0.4859375 0.02890625 0.03515625
5 0.3265625 0.515625 0.02890625 0.02578125
5 0.37734375 0.53203125 0.03359375 0.03828125
3 0.5578125 0.53203125 0.053125 0.05703125
5 0.4203125 0.54921875 0.03828125 0.03515625
5 0.62109375 0.56171875 0.0359375 0.02890625
3 0.4890625 0.584375 0.05078125 0.04765625
5 0.4109375 0.59375 0.03828125 0.03515625
5 0.39453125 0.71953125 0.04296875 0.04453125
5 0.7078125 0.746875 0.06015625 0.04765625
5 0.5109375 0.7640625 0.0453125 0.05078125
5 0.57578125 0.2453125 0.0359375 0.04453125
5 0.36328125 0.30546875 0.03359375 0.03828125
5 0.43515625 0.3171875 0.03828125 0.03515625
5 0.4484375 0.36015625 0.0265625 0.02578125
5 0.53828125 0.39296875 0.03359375 0.02890625
5 0.36796875 0.4140625 0.04296875 0.04453125
3 0.28984375 0.44453125 0.0359375 0.04765625