3 0.1890625 0.47421875 0.06953125 0.0765625
0 0.2671875 0.5015625 0.053125 0.0671875
2 0.81875 0.7390625 0.07421875 0.0765625
2 0.709375 0.79453125 0.0671875 0.06015625
3 0.8171875 0.084375 0.053125 0.0671875
2 0.28125 0.8359375 0.0765625 0.0671875
3 0.1359375 0.19921875 0.0453125 0.0921875
3 0.1875 0.2359375 0.053125 0.0703125
5 0.6515625 0.27734375 0.04296875 0.05078125
4 0.5765625 0.321875 0.03828125 0.05078125
3 0.66796875 0.334375 0.0671875 0.05703125
3 0.13125 0.39140625 0.05078125 0.0703125
4 0.68125 0.3984375 0.084375 0.0890625
0 0.74609375 0.425 0.05078125 0.04765625
0 0.80390625 0.43828125 0.06015625 0.06015625