3 0.3765625 0.56015625 0.05078125 0.07578125
3 0.5328125 0.56328125 0.0359375 0.046875
3 0.45546875 0.6046875 0.0453125 0.0578125
3 0.1828125 0.6125 0.0578125 0.06484375
3 0.3609375 0.6234375 0.04296875 0.06484375
3 0.5015625 0.65546875 0.0453125 0.06484375
3 0.39296875 0.68515625 0.0453125 0.0359375
3 0.1140625 0.71953125 0.06015625 0.07578125
3 0.446875 0.75390625 0.03828125 0.0578125
3 0.478125 0.784375 0.0671875 0.0546875
3 0.634375 0.87890625 0.0671875 0.06875
3 0.56015625 0.90390625 0.04296875 0.0546875
3 0.12734375 0.9109375 0.03828125 0.07578125
3 0.43359375 0.31171875 0.0453125 0.0578125
3 0.35703125 0.40234375 0.06015625 0.08671875
3 0.47265625 0.42734375 0.05078125 0.0578125
3 0.11875 0.4328125 0.05078125 0.07578125
3 0.2140625 0.475 0.0671875 0.08671875
3 0.0921875 0.475 0.0453125 0.04375
3 0.525 0.51640625 0.05078125 0.046875