5 0.2765625 0.57265625 0.02890625 0.04375
5 0.6578125 0.58359375 0.0359375 0.04375
5 0.3171875 0.5921875 0.02890625 0.0546875
5 0.49296875 0.59453125 0.04296875 0.04375
0 0.2828125 0.63203125 0.06484375 0.090625
5 0.7453125 0.634375 0.02421875 0.04375
5 0.6859375 0.634375 0.021875 0.04375
5 0.6578125 0.6796875 0.0359375 0.0546875
5 0.3390625 0.68828125 0.02890625 0.04375
5 0.19453125 0.7375 0.02890625 0.046875
5 0.7515625 0.8171875 0.0359375 0.0546875
5 0.7484375 0.9203125 0.0359375 0.04375
5 0.3328125 0.090625 0.021875 0.04375
5 0.46484375 0.1265625 0.021875 0.0359375
5 0.36171875 0.1484375 0.021875 0.0359375
5 0.37890625 0.16875 0.0171875 0.0328125
5 0.56484375 0.1828125 0.02890625 0.046875
5 0.3078125 0.18125 0.02421875 0.0359375
5 0.3296875 0.21015625 0.02890625 0.0359375
5 0.33046875 0.2625 0.021875 0.0328125
5 0.41953125 0.28828125 0.021875 0.025
5 0.3453125 0.31015625 0.0171875 0.025
5 0.484375 0.328125 0.03125 0.046875
5 0.4171875 0.3390625 0.021875 0.0328125
5 0.37109375 0.33671875 0.0171875 0.04375
5 0.25 0.36015625 0.02421875 0.046875
5 0.31875 0.36015625 0.021875 0.0328125
5 0.671875 0.4328125 0.0359375 0.0546875
5 0.396875 0.45078125 0.02421875 0.0328125
5 0.578125 0.46171875 0.0359375 0.0546875
5 0.4578125 0.46171875 0.0171875 0.0328125
5 0.60078125 0.54140625 0.02890625 0.046875