5 0.7234375 0.57265625 0.02890625 0.04375
5 0.3453125 0.58359375 0.0359375 0.04375
5 0.6828125 0.5921875 0.02890625 0.0546875
5 0.50703125 0.59453125 0.04296875 0.04375
0 0.7203125 0.63203125 0.06484375 0.090625
5 0.2546875 0.634375 0.02421875 0.04375
5 0.31640625 0.634375 0.021875 0.04375
5 0.3453125 0.6796875 0.0359375 0.0546875
5 0.6609375 0.68828125 0.02890625 0.04375
5 0.80546875 0.7375 0.02890625 0.046875
5 0.2515625 0.8171875 0.0359375 0.0546875
5 0.25390625 0.9203125 0.0359375 0.04375
5 0.66953125 0.090625 0.021875 0.04375
5 0.5375 0.1265625 0.021875 0.0359375
5 0.640625 0.1484375 0.021875 0.0359375
5 0.6234375 0.16875 0.0171875 0.0328125
5 0.43515625 0.1828125 0.02890625 0.046875
5 0.6921875 0.18125 0.02421875 0.0359375
5 0.6703125 0.21015625 0.02890625 0.0359375
5 0.671875 0.2625 0.021875 0.0328125
5 0.5828125 0.28828125 0.021875 0.025
5 0.6578125 0.31015625 0.0171875 0.025
5 0.51796875 0.328125 0.03125 0.046875
5 0.58515625 0.3390625 0.021875 0.0328125
5 0.63125 0.33671875 0.0171875 0.04375
5 0.75 0.36015625 0.02421875 0.046875
5 0.68359375 0.36015625 0.021875 0.0328125
5 0.33046875 0.4328125 0.0359375 0.0546875
5 0.603125 0.45078125 0.02421875 0.0328125
5 0.42421875 0.46171875 0.0359375 0.0546875
5 0.54453125 0.46171875 0.0171875 0.0328125
5 0.39921875 0.54140625 0.02890625 0.046875