4 0.11640625 0.15625 0.09375 0.10546875
4 0.1921875 0.16015625 0.071875 0.0796875
4 0.2453125 0.20078125 0.08203125 0.0890625
4 0.803125 0.23046875 0.115625 0.071875
4 0.26953125 0.32578125 0.1296875 0.12265625
4 0.5375 0.34609375 0.0796875 0.0671875
4 0.4046875 0.4625 0.13203125 0.11796875
4 0.771875 0.49296875 0.14921875 0.1109375
4 0.3390625 0.51796875 0.0765625 0.07421875
4 0.2328125 0.68515625 0.1296875 0.115625
4 0.5984375 0.68984375 0.0625 0.0578125
4 0.4375 0.7046875 0.08203125 0.0578125
4 0.7015625 0.72109375 0.071875 0.053125
4 0.95078125 0.74375 0.09375 0.084375
4 0.56953125 0.74296875 0.0765625 0.0625
4 0.88125 0.7796875 0.06953125 0.040625
4 0.209375 0.9109375 0.0765625 0.0625
4 0.84609375 0.946875 0.071875 0.053125