3 0.5765625 0.390625 0.053125 0.07265625
3 0.67578125 0.39765625 0.0578125 0.11328125
3 0.7953125 0.45703125 0.0484375 0.06796875
3 0.7046875 0.47734375 0.0484375 0.090625
3 0.59375 0.55 0.04296875 0.090625
3 0.6390625 0.565625 0.0625 0.0953125
3 0.709375 0.56328125 0.03359375 0.0546875
3 0.4359375 0.57265625 0.0796875 0.11796875
3 0.66328125 0.615625 0.04296875 0.08671875
3 0.5625 0.66171875 0.0578125 0.06796875
3 0.71171875 0.0703125 0.04296875 0.06796875
4 0.5359375 0.78203125 0.0578125 0.08203125
3 0.5171875 0.1296875 0.04296875 0.07734375
3 0.5734375 0.025 0.05078125 0.05
3 0.70546875 0.28203125 0.05078125 0.090625
3 0.63203125 0.3046875 0.0484375 0.07265625