0 0.4546875 0.54765625 0.0484375 0.0703125
0 0.228125 0.55546875 0.053125 0.05390625
0 0.76796875 0.55859375 0.0453125 0.06015625
0 0.8484375 0.56015625 0.053125 0.0765625
0 0.5640625 0.590625 0.040625 0.06015625
0 0.1734375 0.5921875 0.053125 0.0765625
0 0.5171875 0.61015625 0.03359375 0.05390625
0 0.29453125 0.68125 0.06015625 0.0703125
0 0.359375 0.7453125 0.06484375 0.0765625
0 0.6828125 0.7609375 0.0484375 0.0765625
0 0.74140625 0.86328125 0.040625 0.0640625
0 0.4703125 0.1015625 0.06484375 0.05078125
0 0.48046875 0.1640625 0.0578125 0.06015625
0 0.5890625 0.1765625 0.0578125 0.0859375
0 0.5484375 0.28671875 0.053125 0.0703125
0 0.43125 0.3390625 0.06484375 0.0796875
0 0.65625 0.409375 0.0484375 0.05390625
0 0.76953125 0.4078125 0.071875 0.0953125
0 0.453125 0.46640625 0.0453125 0.06015625
0 0.6734375 0.47109375 0.03828125 0.04453125
0 0.51171875 0.5 0.0578125 0.0640625