1 0.72109375 0.57421875 0.134375 0.178125
1 0.77890625 0.6796875 0.071875 0.09453125
4 0.509375 0.80078125 0.0671875 0.09453125
4 0.57421875 0.865625 0.0765625 0.0875
4 0.2328125 0.94296875 0.071875 0.0984375
4 0.5625 0.115625 0.0765625 0.0875
4 0.43515625 0.1859375 0.0671875 0.10625
4 0.3734375 0.19296875 0.06015625 0.0984375
1 0.1890625 0.24609375 0.0796875 0.11328125
1 0.89921875 0.2765625 0.071875 0.10625
2 0.44921875 0.36171875 0.08671875 0.125
1 0.6421875 0.39609375 0.071875 0.09453125
2 0.3484375 0.49453125 0.09140625 0.19296875
3 0.58984375 0.534375 0.09375 0.12109375
3 0.44921875 0.54921875 0.071875 0.11328125