3 0.41953125 0.1734375 0.06015625 0.08671875
3 0.46484375 0.18515625 0.06484375 0.096875
0 0.72578125 0.2234375 0.0671875 0.0796875
5 0.82421875 0.446875 0.03359375 0.046875
3 0.2796875 0.45703125 0.0453125 0.06015625
4 0.39921875 0.546875 0.0578125 0.0796875
5 0.16015625 0.55859375 0.05078125 0.03671875
5 0.49140625 0.58828125 0.06484375 0.06328125
3 0.33515625 0.6203125 0.09375 0.08671875
3 0.2046875 0.6484375 0.03828125 0.0703125
5 0.46875 0.65 0.0484375 0.046875
4 0.2765625 0.71640625 0.071875 0.0734375
3 0.18046875 0.7453125 0.0578125 0.06328125
0 0.70546875 0.7953125 0.06953125 0.0703125
3 0.38671875 0.85859375 0.071875 0.06328125
3 0.2875 0.8953125 0.06015625 0.08359375
3 0.72109375 0.896875 0.0671875 0.08671875