5 0.33515625 0.58125 0.0484375 0.0640625
5 0.66171875 0.590625 0.04609375 0.0609375
5 0.48671875 0.60234375 0.0484375 0.0609375
5 0.57578125 0.61328125 0.03828125 0.053125
5 0.3015625 0.63828125 0.03828125 0.04921875
5 0.23984375 0.8203125 0.040625 0.0640625
5 0.6484375 0.0875 0.0484375 0.053125
5 0.23984375 0.9203125 0.040625 0.0609375
5 0.61796875 0.15546875 0.05546875 0.07578125
5 0.6625 0.1953125 0.0625 0.071875
5 0.56171875 0.28984375 0.0484375 0.071875
5 0.4984375 0.321875 0.03828125 0.053125
5 0.5625 0.33125 0.03125 0.04921875
5 0.609375 0.33359375 0.03359375 0.053125
5 0.72265625 0.35234375 0.0484375 0.053125
5 0.37578125 0.36015625 0.03828125 0.0609375
5 0.6578125 0.365625 0.0484375 0.0640625
5 0.32734375 0.4296875 0.0484375 0.071875
5 0.59140625 0.45078125 0.04609375 0.053125
5 0.4046875 0.4640625 0.0484375 0.0640625
5 0.39140625 0.534375 0.040625 0.0609375