5 0.49375 0.58125 0.07734375 0.0640625
5 0.0171875 0.59296875 0.02890625 0.05703125
5 0.26015625 0.60390625 0.03359375 0.071875
5 0.21953125 0.60234375 0.03359375 0.053125
5 0.36640625 0.64765625 0.0484375 0.053125
5 0.53515625 0.659375 0.0625 0.07578125
5 0.3984375 0.6625 0.040625 0.0609375
5 0.60625 0.73671875 0.05546875 0.071875
5 0.178125 0.74453125 0.03828125 0.071875
5 0.39296875 0.75546875 0.0671875 0.04921875
5 0.20234375 0.8765625 0.0484375 0.04921875
5 0.19296875 0.09296875 0.053125 0.071875
5 0.22890625 0.1625 0.053125 0.08359375
5 0.19140625 0.25 0.04609375 0.07578125
5 0.184375 0.31796875 0.040625 0.07578125
5 0.29375 0.35390625 0.0484375 0.0640625
5 0.4625 0.35625 0.03359375 0.07578125
5 0.49375 0.4015625 0.0484375 0.053125
5 0.29375 0.42265625 0.03828125 0.0640625
5 0.2359375 0.42265625 0.053125 0.09453125
5 0.175 0.42578125 0.06015625 0.0640625
5 0.52890625 0.446875 0.04609375 0.053125
5 0.08828125 0.44921875 0.06015625 0.0875
5 0.13359375 0.4921875 0.03125 0.0984375
5 0.26875 0.54765625 0.04609375 0.0640625
5 0.61953125 0.55078125 0.03359375 0.0640625