5 0.50625 0.58125 0.07734375 0.0640625
5 0.9828125 0.59296875 0.02890625 0.05703125
5 0.73984375 0.60390625 0.03359375 0.071875
5 0.78046875 0.60234375 0.03359375 0.053125
5 0.63359375 0.64765625 0.0484375 0.053125
5 0.46484375 0.659375 0.0625 0.07578125
5 0.60390625 0.6625 0.040625 0.0609375
5 0.39609375 0.73671875 0.05546875 0.071875
5 0.821875 0.74453125 0.03828125 0.071875
5 0.60703125 0.75546875 0.0671875 0.04921875
5 0.79765625 0.8765625 0.0484375 0.04921875
5 0.80703125 0.09296875 0.053125 0.071875
5 0.77109375 0.1625 0.053125 0.08359375
5 0.8109375 0.25 0.04609375 0.07578125
5 0.81796875 0.31796875 0.040625 0.07578125
5 0.70625 0.35390625 0.0484375 0.0640625
5 0.5375 0.35625 0.03359375 0.07578125
5 0.50625 0.4015625 0.0484375 0.053125
5 0.70625 0.42265625 0.03828125 0.0640625
5 0.7640625 0.42265625 0.053125 0.09453125
5 0.82734375 0.42578125 0.06015625 0.0640625
5 0.4734375 0.446875 0.04609375 0.053125
5 0.91484375 0.44921875 0.06015625 0.0875
5 0.86875 0.4921875 0.03125 0.0984375
5 0.73359375 0.54765625 0.04609375 0.0640625
5 0.38046875 0.55078125 0.03359375 0.0640625