5 0.4640625 0.303125 0.02421875 0.01953125
5 0.24609375 0.3546875 0.02109375 0.0265625
5 0.19921875 0.35703125 0.02421875 0.0265625
5 0.2875 0.37265625 0.0296875 0.02890625
5 0.18984375 0.4265625 0.02109375 0.0359375
5 0.19921875 0.525 0.0296875 0.03125
5 0.19921875 0.56953125 0.0296875 0.02421875
5 0.22890625 0.60703125 0.01328125 0.0171875
5 0.33828125 0.61640625 0.0296875 0.03125
5 0.2890625 0.64296875 0.01640625 0.021875
5 0.39296875 0.6515625 0.0375 0.02890625
5 0.2859375 0.66796875 0.01640625 0.01953125
5 0.26875 0.67890625 0.02421875 0.0265625
5 0.31796875 0.6828125 0.02109375 0.01953125
5 0.37734375 0.69609375 0.02109375 0.0171875
5 0.3515625 0.69921875 0.02421875 0.02421875
5 0.2421875 0.7015625 0.02421875 0.02421875
5 0.16328125 0.72578125 0.0265625 0.02890625
5 0.4640625 0.78359375 0.034375 0.0140625
5 0.46953125 0.22734375 0.0296875 0.021875
5 0.53203125 0.26328125 0.0265625 0.0171875
5 0.49765625 0.27421875 0.02109375 0.02890625