5 0.359375 0.34140625 0.034375 0.02421875
5 0.3140625 0.41953125 0.02421875 0.0359375
3 0.296875 0.46015625 0.0265625 0.021875
1 0.27109375 0.484375 0.0296875 0.0359375
5 0.4453125 0.515625 0.0296875 0.03125
1 0.30625 0.515625 0.0453125 0.040625
3 0.35 0.521875 0.0375 0.03828125
1 0.35 0.5734375 0.04296875 0.05078125
1 0.3171875 0.58515625 0.034375 0.040625
5 0.4328125 0.615625 0.0265625 0.02421875
1 0.30625 0.71640625 0.05625 0.03828125
1 0.3703125 0.71875 0.05625 0.0484375
2 0.32734375 0.75859375 0.0453125 0.0359375