4 0.5578125 0.40859375 0.0296875 0.02890625
3 0.5546875 0.41015625 0.0453125 0.0453125
3 0.16953125 0.46015625 0.0453125 0.0453125
3 0.27265625 0.5875 0.053125 0.05546875
4 0.2296875 0.65625 0.04296875 0.02890625
4 0.23125 0.6609375 0.03984375 0.03359375
4 0.30859375 0.7125 0.034375 0.03125
4 0.32890625 0.7203125 0.0265625 0.03125
4 0.37734375 0.765625 0.0375 0.03125
3 0.45078125 0.8703125 0.05078125 0.0484375
4 0.47890625 0.94375 0.03203125 0.021875
3 0.4 0.20546875 0.05078125 0.03125
3 0.40625 0.23828125 0.0375 0.02890625