4 0.38359375 0.3109375 0.0265625 0.03203125
4 0.4484375 0.34453125 0.03125 0.03515625
4 0.46640625 0.3625 0.03828125 0.04453125
2 0.49375 0.4375 0.09375 0.1125
3 0.5484375 0.57890625 0.03828125 0.04140625
3 0.4890625 0.66953125 0.040625 0.03203125
4 0.571875 0.696875 0.03359375 0.03515625
3 0.49296875 0.7015625 0.0484375 0.03203125
4 0.5875 0.72734375 0.0359375 0.02578125
4 0.5203125 0.73359375 0.0359375 0.03828125
3 0.49296875 0.7609375 0.0578125 0.0609375
3 0.478125 0.815625 0.03359375 0.0484375