5 0.4421875 0.69375 0.0203125 0.0203125
5 0.33359375 0.4390625 0.0234375 0.0234375
5 0.2453125 0.56875 0.01875 0.0203125
5 0.26640625 0.5171875 0.01875 0.0171875
5 0.26171875 0.38515625 0.021875 0.01875
5 0.24609375 0.471875 0.0203125 0.025
5 0.43828125 0.35234375 0.025 0.0203125
5 0.409375 0.571875 0.0203125 0.0203125
5 0.3296875 0.621875 0.01875 0.015625
5 0.33125 0.6421875 0.0171875 0.015625
5 0.33125 0.59296875 0.015625 0.0140625
5 0.39296875 0.72578125 0.0140625 0.015625
5 0.3984375 0.65703125 0.015625 0.015625
5 0.384375 0.590625 0.0171875 0.015625
5 0.30546875 0.553125 0.0171875 0.01875
5 0.33984375 0.54296875 0.0171875 0.0125
5 0.33984375 0.5625 0.015625 0.0125
5 0.29296875 0.4875 0.015625 0.0125
5 0.30546875 0.4765625 0.0125 0.0125
5 0.32265625 0.45859375 0.0140625 0.0125
5 0.27578125 0.61640625 0.015625 0.0203125
5 0.1546875 0.5734375 0.0125 0.0125
5 0.18984375 0.57109375 0.015625 0.0125
5 0.2140625 0.6265625 0.0125 0.015625
5 0.24140625 0.69140625 0.015625 0.0140625
5 0.1703125 0.51484375 0.01875 0.0125
5 0.25703125 0.4984375 0.0171875 0.01875
5 0.3609375 0.49765625 0.0171875 0.015625
5 0.43984375 0.509375 0.015625 0.015625
5 0.21328125 0.72734375 0.015625 0.01875
5 0.2390625 0.72265625 0.0140625 0.01875
5 0.18984375 0.7171875 0.01875 0.0125
5 0.18828125 0.70234375 0.0125 0.0125
5 0.153125 0.63203125 0.0140625 0.0125
5 0.13828125 0.60703125 0.015625 0.0140625
5 0.16015625 0.665625 0.0125 0.015625
5 0.10390625 0.59140625 0.01875 0.021875
5 0.165625 0.478125 0.01875 0.015625
5 0.2484375 0.44375 0.015625 0.0140625
5 0.2640625 0.46171875 0.0140625 0.0140625
5 0.275 0.471875 0.0125 0.0125
5 0.2765625 0.4859375 0.0125 0.015625
5 0.04296875 0.546875 0.015625 0.015625
5 0.0328125 0.528125 0.015625 0.015625
5 0.0703125 0.63671875 0.0125 0.015625
5 0.09140625 0.6328125 0.015625 0.0109375
5 0.06953125 0.678125 0.015625 0.015625
5 0.0984375 0.675 0.015625 0.0140625
5 0.034375 0.66484375 0.0171875 0.015625
5 0.05078125 0.6890625 0.0140625 0.015625
5 0.09296875 0.5359375 0.015625 0.0125
5 0.11328125 0.54921875 0.0125 0.015625
5 0.1125 0.515625 0.0125 0.0125
5 0.146875 0.5078125 0.0125 0.0125
5 0.08984375 0.58984375 0.0125 0.01875