5 0.19375 0.3390625 0.0671875 0.0671875
5 0.14765625 0.8328125 0.0640625 0.0609375
5 0.2921875 0.28046875 0.0453125 0.053125
5 0.4859375 0.4984375 0.0484375 0.04375
5 0.5765625 0.49453125 0.0421875 0.04375
5 0.51875 0.54765625 0.0265625 0.0265625
5 0.534375 0.61640625 0.0296875 0.03125
5 0.8515625 0.403125 0.0546875 0.046875
5 0.88359375 0.53359375 0.040625 0.040625
5 0.521875 0.12578125 0.0390625 0.0375
5 0.6953125 0.14765625 0.04375 0.0390625
5 0.78828125 0.25859375 0.03125 0.0359375
5 0.39140625 0.5921875 0.04375 0.04375
5 0.45390625 0.21484375 0.034375 0.0375
5 0.6828125 0.71796875 0.0359375 0.034375
5 0.6375 0.75859375 0.0359375 0.03125