5 0.4546875 0.15234375 0.0828125 0.05546875
5 0.36484375 0.16484375 0.06796875 0.0359375
5 0.6859375 0.2015625 0.07109375 0.053125
5 0.42265625 0.22578125 0.0640625 0.03359375
3 0.76875 0.2796875 0.19140625 0.06484375
3 0.3875 0.31640625 0.09765625 0.06953125
5 0.49453125 0.3640625 0.08671875 0.0453125
3 0.84375 0.3921875 0.1390625 0.08671875
3 0.4625 0.42421875 0.08984375 0.0796875
3 0.37421875 0.43359375 0.09375 0.07421875
3 0.63125 0.446875 0.13515625 0.0625
3 0.528125 0.46640625 0.1015625 0.053125
3 0.32109375 0.48046875 0.07109375 0.04296875
3 0.68828125 0.50234375 0.09765625 0.053125
3 0.6125 0.50234375 0.06015625 0.04296875
3 0.646875 0.5625 0.10546875 0.0578125
3 0.54296875 0.5796875 0.109375 0.0578125
3 0.325 0.58984375 0.07890625 0.06484375
3 0.58828125 0.634375 0.09375 0.0578125
3 0.4703125 0.66328125 0.13515625 0.0671875
5 0.85703125 0.74140625 0.0828125 0.040625
5 0.94375 0.74375 0.075 0.040625
3 0.665625 0.759375 0.0828125 0.0671875
3 0.7859375 0.81875 0.09765625 0.07421875
5 0.49609375 0.084375 0.075 0.03359375
3 0.66953125 0.8703125 0.1578125 0.071875