3 0.4140625 0.7125 0.03203125 0.0265625
3 0.38203125 0.728125 0.03203125 0.02421875
5 0.35859375 0.73828125 0.02109375 0.0140625
3 0.4265625 0.75625 0.0296875 0.021875
3 0.28203125 0.75703125 0.034375 0.02421875
5 0.34453125 0.77265625 0.01640625 0.0171875
5 0.30625 0.775 0.01875 0.01171875
5 0.34921875 0.7875 0.01875 0.01171875
5 0.41328125 0.78828125 0.01875 0.0140625
5 0.40390625 0.8015625 0.02109375 0.01171875
3 0.38671875 0.83984375 0.03984375 0.0265625
3 0.5828125 0.89921875 0.0375 0.02421875
3 0.4796875 0.23828125 0.03984375 0.03359375