0 0.5140625 0.31015625 0.01953125 0.025
1 0.66015625 0.32578125 0.0453125 0.05078125
0 0.69453125 0.3296875 0.01953125 0.0359375
0 0.6078125 0.3296875 0.01953125 0.02890625
0 0.703125 0.3296875 0.0265625 0.0359375
1 0.38671875 0.35703125 0.053125 0.08359375
0 0.52734375 0.4546875 0.0265625 0.03984375
1 0.58984375 0.4984375 0.05078125 0.06875
1 0.44921875 0.5578125 0.03828125 0.05078125
3 0.4984375 0.64296875 0.0359375 0.06171875
0 0.5890625 0.1828125 0.0140625 0.01796875
0 0.446875 0.20078125 0.02421875 0.0328125
0 0.7140625 0.203125 0.0140625 0.021875
0 0.60703125 0.215625 0.0171875 0.03984375
0 0.696875 0.228125 0.02421875 0.021875
0 0.64453125 0.2375 0.0140625 0.025
0 0.69375 0.240625 0.01171875 0.025
0 0.428125 0.2390625 0.01953125 0.0359375
0 0.478125 0.24609375 0.02421875 0.0359375
0 0.65625 0.25546875 0.0140625 0.0328125
0 0.5609375 0.26640625 0.021875 0.0328125
0 0.4546875 0.26796875 0.02421875 0.02890625
0 0.5484375 0.28828125 0.0140625 0.025
0 0.57421875 0.2859375 0.01953125 0.021875
0 0.46484375 0.30078125 0.021875 0.02890625