5 0.7125 0.4046875 0.065625 0.0578125
5 0.72890625 0.7875 0.0390625 0.0359375
5 0.6484375 0.79921875 0.0390625 0.0359375
5 0.534375 0.73984375 0.0390625 0.03125
5 0.4234375 0.74453125 0.034375 0.0265625
5 0.31015625 0.59140625 0.0390625 0.0328125
5 0.52890625 0.56875 0.0359375 0.0390625
5 0.665625 0.71875 0.03125 0.0265625
5 0.77421875 0.59921875 0.0328125 0.0375
5 0.51484375 0.821875 0.028125 0.025
5 0.5125 0.77734375 0.034375 0.0296875
5 0.56484375 0.896875 0.025 0.021875
5 0.96796875 0.65625 0.01875 0.021875
5 0.8203125 0.7546875 0.025 0.015625