3 0.3125 0.3546875 0.0484375 0.03125
0 0.19375 0.375 0.034375 0.01953125
0 0.20859375 0.41484375 0.0265625 0.021875
0 0.159375 0.43125 0.02421875 0.021875
5 0.28984375 0.44375 0.034375 0.03125
5 0.31015625 0.4546875 0.03203125 0.02890625
5 0.45625 0.5359375 0.0296875 0.0140625
5 0.2296875 0.55390625 0.03203125 0.021875
3 0.16171875 0.56484375 0.034375 0.03359375
5 0.353125 0.5921875 0.03203125 0.021875
5 0.296875 0.61171875 0.04296875 0.03125
3 0.38515625 0.64921875 0.06953125 0.04296875
1 0.1484375 0.7015625 0.03984375 0.03359375
3 0.31953125 0.803125 0.034375 0.03828125