5 0.47109375 0.6609375 0.040625 0.0296875
5 0.45234375 0.5796875 0.03125 0.025
5 0.6640625 0.4609375 0.0390625 0.0421875
5 0.5015625 0.37734375 0.028125 0.028125
5 0.6703125 0.41640625 0.034375 0.0296875
5 0.71875 0.4109375 0.03125 0.0328125
5 0.85078125 0.43984375 0.0265625 0.021875
5 0.83984375 0.47578125 0.021875 0.0171875
5 0.88828125 0.42578125 0.0203125 0.0203125
5 0.99296875 0.23984375 0.0140625 0.0203125
5 0.7578125 0.65546875 0.0265625 0.034375
5 0.7265625 0.465625 0.0265625 0.021875
5 0.4609375 0.5390625 0.025 0.0203125