1 0.7125 0.33203125 0.034375 0.0484375
1 0.6640625 0.34765625 0.02421875 0.040625
1 0.65 0.4125 0.04296875 0.06484375
1 0.5578125 0.484375 0.0453125 0.06484375
1 0.68046875 0.5328125 0.03984375 0.040625
1 0.73125 0.609375 0.034375 0.03125
1 0.65390625 0.6203125 0.05078125 0.0484375
1 0.8125 0.69140625 0.05859375 0.0796875
3 0.41328125 0.7171875 0.03984375 0.05078125
1 0.74609375 0.728125 0.053125 0.04296875
1 0.6015625 0.80078125 0.04296875 0.0578125
1 0.5921875 0.8734375 0.0296875 0.0359375
1 0.284375 0.87265625 0.05078125 0.053125
1 0.54921875 0.8921875 0.034375 0.03828125