5 0.50078125 0.7328125 0.0625 0.06875
5 0.14453125 0.5921875 0.0390625 0.040625
5 0.16640625 0.5140625 0.0390625 0.040625
5 0.2671875 0.43359375 0.034375 0.0421875
5 0.3078125 0.33046875 0.0296875 0.0359375
5 0.49296875 0.28984375 0.0359375 0.040625
5 0.425 0.4984375 0.040625 0.0390625
5 0.2328125 0.5625 0.028125 0.0328125
5 0.29765625 0.71015625 0.0390625 0.0359375
5 0.2 0.38203125 0.028125 0.0296875
5 0.24140625 0.3984375 0.0328125 0.0359375
5 0.1109375 0.39765625 0.0234375 0.0265625
5 0.1671875 0.8640625 0.0234375 0.0203125
5 0.1375 0.6890625 0.01875 0.0265625