5 0.68984375 0.0484375 0.0265625 0.02421875
5 0.65546875 0.06484375 0.02109375 0.03359375
5 0.715625 0.0734375 0.01875 0.01171875
5 0.76640625 0.071875 0.01875 0.01953125
5 0.69375 0.07578125 0.01875 0.0171875
5 0.49609375 0.7921875 0.034375 0.021875
5 0.6296875 0.09375 0.01875 0.01953125
5 0.5828125 0.1 0.0265625 0.0171875
5 0.8265625 0.11328125 0.0265625 0.02890625
5 0.5921875 0.11875 0.03984375 0.0171875
5 0.75703125 0.1296875 0.02109375 0.02421875
5 0.60390625 0.134375 0.02109375 0.0140625
5 0.80078125 0.23828125 0.01875 0.01953125