5 0.27421875 0.29921875 0.01875 0.021875
5 0.3625 0.303125 0.01875 0.0140625
5 0.3125 0.3109375 0.02109375 0.021875
0 0.4265625 0.3328125 0.02421875 0.0171875
4 0.33671875 0.35078125 0.03203125 0.02890625
5 0.44375 0.37890625 0.03203125 0.021875
5 0.27109375 0.39296875 0.02421875 0.0171875
4 0.215625 0.4015625 0.02421875 0.01953125
5 0.18984375 0.4515625 0.0109375 0.0140625
5 0.23359375 0.47265625 0.01328125 0.01171875
5 0.16953125 0.6265625 0.01875 0.01171875
5 0.2328125 0.62734375 0.01640625 0.0140625
5 0.2890625 0.6390625 0.01640625 0.009375
0 0.2484375 0.65390625 0.02109375 0.0140625
5 0.37578125 0.6734375 0.01875 0.0140625
5 0.2953125 0.703125 0.01328125 0.01171875
5 0.23125 0.70703125 0.01328125 0.009375
5 0.33828125 0.7125 0.0078125 0.00703125
5 0.3171875 0.7125 0.01328125 0.00703125
5 0.27578125 0.71640625 0.01640625 0.009375
5 0.24609375 0.725 0.01640625 0.01171875
5 0.38671875 0.7296875 0.01328125 0.01171875
5 0.37578125 0.73046875 0.01875 0.0140625
5 0.22890625 0.73828125 0.01328125 0.009375
5 0.30078125 0.7515625 0.01328125 0.00703125
5 0.25546875 0.7546875 0.01328125 0.009375
5 0.26171875 0.7609375 0.0109375 0.01171875
5 0.3984375 0.7640625 0.01640625 0.0140625
5 0.27421875 0.771875 0.01328125 0.009375
5 0.2671875 0.78984375 0.01640625 0.00703125
5 0.30234375 0.790625 0.01640625 0.009375
5 0.33125 0.790625 0.01640625 0.009375
5 0.39609375 0.80859375 0.01640625 0.01171875
5 0.30234375 0.81484375 0.0109375 0.009375
5 0.30234375 0.82578125 0.01640625 0.01171875
5 0.35546875 0.8328125 0.01640625 0.01171875
5 0.321875 0.84375 0.01328125 0.009375
5 0.2140625 0.85 0.0109375 0.01171875
5 0.37421875 0.85078125 0.01640625 0.0140625
5 0.35859375 0.8859375 0.01640625 0.0171875
5 0.3421875 0.89765625 0.0109375 0.00703125
0 0.50390625 0.91796875 0.01328125 0.009375
5 0.49296875 0.9375 0.01328125 0.009375
5 0.47890625 0.9375 0.0109375 0.009375
3 0.4328125 0.94609375 0.0265625 0.021875
5 0.41875 0.2203125 0.02421875 0.01171875
5 0.409375 0.2484375 0.0265625 0.01171875
5 0.35390625 0.26171875 0.01875 0.0140625
5 0.4078125 0.275 0.02421875 0.0265625