5 0.75 0.7390625 0.0578125 0.05625
5 0.93046875 0.27734375 0.0546875 0.0515625
5 0.6390625 0.76796875 0.0375 0.046875
5 0.51328125 0.50546875 0.0421875 0.0359375
5 0.425 0.484375 0.0359375 0.0375
5 0.49453125 0.44921875 0.021875 0.021875
5 0.4984375 0.37890625 0.025 0.028125
5 0.13515625 0.49609375 0.0484375 0.0375
5 0.140625 0.3625 0.0359375 0.034375
5 0.37578125 0.85390625 0.034375 0.0328125
5 0.21484375 0.784375 0.0390625 0.0328125
5 0.15625 0.65234375 0.0265625 0.0328125
5 0.6296875 0.44140625 0.0375 0.0375
5 0.465625 0.78671875 0.0296875 0.0328125
5 0.384375 0.240625 0.03125 0.0296875
5 0.4390625 0.21328125 0.0328125 0.0265625