5 0.45 0.553125 0.0453125 0.0421875
5 0.44375 0.47421875 0.0359375 0.034375
5 0.2390625 0.1828125 0.021875 0.0296875
5 0.2640625 0.2171875 0.0203125 0.021875
5 0.34453125 0.14296875 0.01875 0.0234375
5 0.08984375 0.1109375 0.028125 0.028125
5 0.059375 0.0625 0.021875 0.0234375
5 0.384375 0.48046875 0.0171875 0.0140625
5 0.30234375 0.39453125 0.021875 0.025
5 0.35078125 0.2 0.021875 0.0234375
5 0.43203125 0.2 0.0171875 0.015625
5 0.1265625 0.81328125 0.015625 0.0171875
5 0.16875 0.72734375 0.025 0.021875
5 0.21953125 0.6828125 0.0171875 0.0171875