5 0.49609375 0.1625 0.0359375 0.0359375
5 0.45703125 0.2578125 0.0265625 0.021875
5 0.42265625 0.2703125 0.025 0.021875
5 0.509375 0.29765625 0.0234375 0.01875
5 0.52578125 0.33984375 0.0203125 0.0234375
5 0.58359375 0.35390625 0.0234375 0.0171875
5 0.5484375 0.28125 0.021875 0.0171875
5 0.6171875 0.51640625 0.0203125 0.01875
5 0.65546875 0.56328125 0.0203125 0.0203125
5 0.63515625 0.421875 0.01875 0.0140625
5 0.56875 0.4015625 0.0203125 0.0140625
5 0.48046875 0.39296875 0.0203125 0.0203125
5 0.56171875 0.48125 0.0203125 0.0171875
5 0.409375 0.3921875 0.01875 0.01875
5 0.4703125 0.334375 0.0171875 0.0140625
5 0.54921875 0.16484375 0.015625 0.0125
5 0.58671875 0.15859375 0.015625 0.0125
5 0.76640625 0.409375 0.0171875 0.0203125
5 0.775 0.34921875 0.0171875 0.015625
5 0.68984375 0.4 0.0109375 0.0109375
5 0.69765625 0.38125 0.0109375 0.009375
5 0.69375 0.36640625 0.0125 0.0109375
5 0.50546875 0.3703125 0.009375 0.0078125
5 0.50234375 0.19140625 0.0125 0.0109375
5 0.50625 0.21640625 0.015625 0.0125
5 0.625 0.25234375 0.0109375 0.009375