5 0.1375 0.565625 0.040625 0.040625
5 0.1421875 0.453125 0.0359375 0.034375
5 0.2484375 0.5515625 0.03125 0.0375
5 0.2875 0.5328125 0.028125 0.028125
5 0.1546875 0.30859375 0.025 0.0265625
5 0.17265625 0.321875 0.021875 0.0203125
5 0.19453125 0.32890625 0.0234375 0.0203125
5 0.1703125 0.3859375 0.028125 0.034375
5 0.18671875 0.35 0.0171875 0.01875
5 0.20390625 0.4328125 0.028125 0.025
5 0.21484375 0.409375 0.0234375 0.0234375
5 0.2328125 0.39296875 0.025 0.0265625
5 0.23828125 0.35546875 0.0203125 0.021875
5 0.209375 0.48671875 0.03125 0.0359375
5 0.23984375 0.47578125 0.015625 0.0234375
5 0.1390625 0.6296875 0.0265625 0.025
5 0.18125 0.59296875 0.0203125 0.0171875
5 0.19296875 0.6171875 0.01875 0.01875
5 0.2109375 0.84765625 0.021875 0.025
5 0.22890625 0.78046875 0.01875 0.0140625
5 0.23359375 0.7421875 0.0171875 0.0203125
5 0.19453125 0.7609375 0.01875 0.0171875
5 0.1703125 0.5296875 0.0203125 0.0234375
5 0.41328125 0.503125 0.025 0.0265625
5 0.39765625 0.56796875 0.0203125 0.0171875
5 0.33046875 0.42421875 0.0171875 0.0234375
5 0.3328125 0.6375 0.0203125 0.0171875
5 0.32890625 0.703125 0.0234375 0.021875
5 0.31796875 0.7875 0.0234375 0.0234375
5 0.396875 0.79140625 0.0265625 0.01875
5 0.39765625 0.715625 0.0171875 0.0203125
5 0.365625 0.728125 0.0171875 0.0203125
5 0.5390625 0.7171875 0.0296875 0.0265625
5 0.30390625 0.43984375 0.0203125 0.0203125
5 0.32265625 0.4546875 0.025 0.0265625
5 0.22109375 0.94296875 0.0265625 0.021875
5 0.496875 0.734375 0.0265625 0.025