5 0.540625 0.259375 0.040625 0.0375
5 0.64375 0.3421875 0.0359375 0.0328125
5 0.56328125 0.33671875 0.025 0.0234375
5 0.5890625 0.36484375 0.0296875 0.025
5 0.55625 0.3640625 0.0453125 0.0453125
5 0.75390625 0.3875 0.028125 0.0234375
5 0.76953125 0.315625 0.028125 0.0234375
5 0.7265625 0.353125 0.0296875 0.028125
5 0.665625 0.3984375 0.0359375 0.0296875
5 0.6203125 0.39609375 0.01875 0.015625
5 0.60390625 0.38671875 0.01875 0.015625
5 0.69765625 0.25546875 0.0296875 0.0265625
5 0.38046875 0.25546875 0.021875 0.021875
5 0.40078125 0.22265625 0.0234375 0.0265625
5 0.459375 0.23828125 0.0171875 0.01875
5 0.4609375 0.36015625 0.0203125 0.0203125
5 0.3796875 0.03984375 0.0421875 0.0359375
5 0.45078125 0.01953125 0.04375 0.0390625
5 0.4671875 0.13125 0.0265625 0.025
5 0.71640625 0.23515625 0.03125 0.028125
5 0.52578125 0.79375 0.034375 0.03125
5 0.59453125 0.76953125 0.0390625 0.0390625
5 0.178125 0.58125 0.0296875 0.0296875
5 0.36953125 0.7578125 0.021875 0.0203125
5 0.3875 0.76953125 0.021875 0.021875
5 0.3078125 0.69453125 0.0203125 0.0203125
5 0.33828125 0.70703125 0.0234375 0.0234375
5 0.3203125 0.73359375 0.0203125 0.021875
5 0.2171875 0.6203125 0.0234375 0.0234375
5 0.18359375 0.615625 0.021875 0.0171875
5 0.2078125 0.68046875 0.01875 0.015625
5 0.1828125 0.69921875 0.0296875 0.025
5 0.09140625 0.440625 0.0203125 0.0203125
5 0.2375 0.3375 0.0296875 0.028125
5 0.14765625 0.1984375 0.021875 0.0203125
5 0.1578125 0.246875 0.0203125 0.0234375
5 0.215625 0.17734375 0.015625 0.01875
5 0.2 0.17890625 0.0203125 0.025
5 0.41171875 0.85859375 0.0375 0.034375