5 0.475 0.4859375 0.0421875 0.0390625
5 0.41328125 0.49921875 0.034375 0.0328125
5 0.4078125 0.40859375 0.034375 0.0375
5 0.321875 0.3828125 0.0296875 0.0390625
5 0.2171875 0.43359375 0.0328125 0.03125
5 0.23828125 0.48828125 0.034375 0.028125
5 0.29609375 0.52734375 0.028125 0.03125
5 0.27421875 0.5703125 0.0359375 0.028125
5 0.22109375 0.60859375 0.03125 0.025
5 0.06796875 0.665625 0.040625 0.0359375
5 0.23359375 0.66640625 0.03125 0.028125
5 0.3140625 0.628125 0.0390625 0.0421875
5 0.72734375 0.56875 0.0359375 0.0390625
5 0.80234375 0.69140625 0.0296875 0.040625
5 0.45 0.68828125 0.0328125 0.0375
5 0.57734375 0.4796875 0.0296875 0.034375
5 0.39140625 0.60234375 0.0484375 0.0453125
5 0.165625 0.80546875 0.034375 0.034375
5 0.396875 0.37890625 0.028125 0.025
5 0.53671875 0.675 0.0234375 0.0265625
5 0.896875 0.69375 0.040625 0.0390625
5 0.39296875 0.34375 0.040625 0.0296875