1 0.071875 0.4265625 0.05859375 0.11796875
3 0.12734375 0.52734375 0.034375 0.0359375
1 0.15546875 0.61875 0.05859375 0.0453125
1 0.2140625 0.63828125 0.0375 0.040625
1 0.13203125 0.66796875 0.06171875 0.0625
1 0.371875 0.7390625 0.04296875 0.03125
3 0.28203125 0.74765625 0.034375 0.0484375
3 0.50390625 0.07421875 0.034375 0.03828125
3 0.31796875 0.7671875 0.0375 0.02890625
3 0.57890625 0.10078125 0.034375 0.02890625
1 0.425 0.146875 0.03203125 0.02890625
3 0.6484375 0.2046875 0.0296875 0.02421875