1 0.29140625 0.34765625 0.0375 0.0171875
1 0.14296875 0.41953125 0.03984375 0.0359375
1 0.12421875 0.43359375 0.0296875 0.03125
1 0.13515625 0.55625 0.03984375 0.040625
1 0.128125 0.59765625 0.03203125 0.0359375
1 0.19765625 0.62890625 0.0375 0.0359375
1 0.16171875 0.634375 0.02421875 0.02890625
1 0.18828125 0.68984375 0.034375 0.02421875
1 0.2109375 0.6984375 0.02109375 0.021875
1 0.1671875 0.69921875 0.02421875 0.02890625
1 0.14296875 0.69921875 0.034375 0.01953125
1 0.196875 0.71171875 0.034375 0.02421875
1 0.31015625 0.7140625 0.03203125 0.02421875
1 0.3359375 0.71875 0.034375 0.02890625
1 0.1828125 0.72578125 0.0296875 0.02890625
1 0.13359375 0.72578125 0.02109375 0.01953125
1 0.2875 0.7296875 0.034375 0.0359375
1 0.10859375 0.73828125 0.0296875 0.02890625
1 0.4 0.7546875 0.0296875 0.02421875
1 0.35859375 0.7875 0.053125 0.05078125
1 0.32109375 0.8171875 0.0265625 0.02421875
1 0.2515625 0.83515625 0.0484375 0.040625
1 0.2984375 0.84140625 0.034375 0.01953125
1 0.2859375 0.86171875 0.04296875 0.03125
1 0.27421875 0.89453125 0.03984375 0.04296875
1 0.29375 0.915625 0.0484375 0.02421875