4 0.61875 0.3109375 0.0265625 0.03203125
4 0.55390625 0.34453125 0.03125 0.03515625
4 0.53359375 0.3625 0.03828125 0.04453125
2 0.50859375 0.4375 0.09375 0.1125
3 0.4515625 0.57890625 0.03828125 0.04140625
3 0.51328125 0.66953125 0.040625 0.03203125
4 0.428125 0.696875 0.03359375 0.03515625
3 0.50703125 0.7015625 0.0484375 0.03203125
4 0.41484375 0.72734375 0.0359375 0.02578125
4 0.48203125 0.73359375 0.0359375 0.03828125
3 0.50703125 0.7609375 0.0578125 0.0609375
3 0.521875 0.815625 0.03359375 0.0484375