5 0.7453125 0.43828125 0.03125 0.028125
5 0.70390625 0.4765625 0.028125 0.0234375
5 0.76640625 0.6984375 0.0328125 0.0296875
5 0.88515625 0.67890625 0.0296875 0.021875
5 0.53046875 0.4421875 0.0390625 0.0375
5 0.55703125 0.4046875 0.0203125 0.0265625
5 0.64296875 0.43828125 0.0265625 0.0234375
5 0.675 0.4 0.0296875 0.0296875
5 0.71484375 0.4140625 0.0234375 0.025
5 0.621875 0.6046875 0.0234375 0.0234375
5 0.6078125 0.6609375 0.0203125 0.01875
5 0.4640625 0.3875 0.0328125 0.0234375
5 0.41015625 0.3859375 0.025 0.028125
5 0.46171875 0.534375 0.0203125 0.0203125
5 0.4015625 0.61640625 0.021875 0.01875
5 0.4296875 0.6796875 0.0234375 0.0234375
5 0.503125 0.69609375 0.01875 0.0171875
5 0.590625 0.45234375 0.0203125 0.0203125
5 0.56171875 0.52578125 0.0234375 0.0203125
5 0.675 0.31875 0.025 0.0203125
5 0.65 0.36796875 0.0234375 0.01875
5 0.61875 0.534375 0.0265625 0.0203125
5 0.66796875 0.590625 0.0234375 0.0203125
5 0.69453125 0.5921875 0.0203125 0.021875
5 0.76484375 0.5109375 0.0296875 0.021875
5 0.33203125 0.36171875 0.0234375 0.0171875
5 0.34296875 0.38828125 0.0234375 0.0203125
5 0.3875 0.25390625 0.0234375 0.0234375
5 0.653125 0.20078125 0.0265625 0.0265625
5 0.56953125 0.61015625 0.0234375 0.01875
5 0.7 0.68984375 0.0203125 0.0171875
5 0.70390625 0.77890625 0.0234375 0.0203125
5 0.6390625 0.86640625 0.028125 0.0234375
5 0.57890625 0.87578125 0.0203125 0.01875
5 0.71796875 0.87734375 0.01875 0.0203125
5 0.76171875 0.853125 0.021875 0.0265625
5 0.80078125 0.83125 0.0203125 0.021875
5 0.66640625 0.753125 0.01875 0.0171875
5 0.6578125 0.7140625 0.0140625 0.0140625
5 0.6640625 0.72890625 0.0125 0.0125
5 0.7515625 0.76640625 0.0171875 0.0140625
5 0.79921875 0.69140625 0.0203125 0.0203125
5 0.6984375 0.66015625 0.0171875 0.0171875
5 0.33359375 0.70078125 0.0140625 0.015625
5 0.29609375 0.65546875 0.0203125 0.0171875
5 0.3078125 0.6171875 0.0171875 0.015625
5 0.18125 0.61796875 0.0171875 0.0140625
5 0.27578125 0.48671875 0.0109375 0.0125
5 0.2953125 0.47265625 0.0125 0.0125
5 0.309375 0.47890625 0.0109375 0.0125
5 0.28203125 0.5625 0.0171875 0.0140625
5 0.3703125 0.5046875 0.0140625 0.0140625