5 0.3515625 0.36875 0.01328125 0.021875
5 0.37734375 0.37265625 0.0109375 0.02421875
3 0.7015625 0.4109375 0.01875 0.02421875
5 0.30625 0.4109375 0.01328125 0.01953125
5 0.3328125 0.459375 0.01875 0.02421875
5 0.45078125 0.4703125 0.02421875 0.0265625
5 0.38671875 0.49375 0.02421875 0.021875
5 0.45078125 0.553125 0.071875 0.03828125
5 0.284375 0.578125 0.01875 0.021875
5 0.40546875 0.6578125 0.0296875 0.021875
5 0.434375 0.67578125 0.01875 0.01953125
5 0.4828125 0.68125 0.01328125 0.0265625
5 0.4 0.7484375 0.01875 0.021875
5 0.51328125 0.803125 0.0265625 0.02890625
3 0.58046875 0.83203125 0.0375 0.02421875
5 0.428125 0.834375 0.01640625 0.0140625
5 0.48359375 0.8578125 0.01640625 0.01953125
5 0.51171875 0.86640625 0.02421875 0.0171875
5 0.546875 0.125 0.01875 0.02421875
5 0.49609375 0.1390625 0.01875 0.01953125
5 0.5296875 0.2015625 0.02109375 0.0140625
5 0.31015625 0.2234375 0.0265625 0.02421875
5 0.4375 0.25 0.01875 0.0140625
5 0.27109375 0.259375 0.0296875 0.02890625
5 0.32734375 0.27734375 0.01875 0.0265625