5 0.46875 0.5921875 0.0265625 0.03125
5 0.61015625 0.67890625 0.05 0.04375
5 0.5703125 0.7578125 0.034375 0.034375
5 0.3953125 0.5640625 0.0484375 0.0421875
5 0.559375 0.5203125 0.028125 0.0296875
5 0.296875 0.23671875 0.034375 0.0328125
5 0.4890625 0.79140625 0.028125 0.0234375
5 0.5609375 0.89140625 0.021875 0.0265625
5 0.6515625 0.87421875 0.0265625 0.021875
5 0.609375 0.95625 0.025 0.028125
5 0.81328125 0.34453125 0.0359375 0.0328125
5 0.76484375 0.290625 0.040625 0.0296875
5 0.7328125 0.409375 0.028125 0.028125
5 0.73984375 0.665625 0.0296875 0.0203125
5 0.56015625 0.5625 0.0296875 0.028125
5 0.6546875 0.69921875 0.021875 0.025
5 0.4625 0.4953125 0.0328125 0.0265625
5 0.48984375 0.31328125 0.025 0.0234375
5 0.66640625 0.49453125 0.0234375 0.01875
5 0.70625 0.5421875 0.0203125 0.015625
5 0.6640625 0.4546875 0.0265625 0.01875