1 0.7015625 0.353125 0.02421875 0.046875
1 0.69140625 0.4765625 0.021875 0.0546875
1 0.6984375 0.5453125 0.05078125 0.06875
1 0.5953125 0.57578125 0.0265625 0.04375
1 0.61796875 0.6 0.01953125 0.03984375
1 0.76796875 0.634375 0.021875 0.0359375
1 0.584375 0.6359375 0.0140625 0.03984375
1 0.62109375 0.6375 0.0265625 0.02890625
1 0.64453125 0.703125 0.04296875 0.06484375
1 0.6765625 0.71015625 0.021875 0.0359375
1 0.5984375 0.7375 0.02890625 0.046875
1 0.6890625 0.771875 0.021875 0.02890625
1 0.63828125 0.796875 0.0265625 0.02890625
3 0.54453125 0.259375 0.0171875 0.03984375