5 0.4203125 0.57109375 0.01875 0.015625
5 0.36484375 0.6078125 0.0125 0.0125
5 0.6390625 0.771875 0.015625 0.015625
5 0.1375 0.23359375 0.01875 0.0203125
5 0.2 0.18125 0.028125 0.028125
5 0.37265625 0.878125 0.01875 0.0171875
5 0.26015625 0.86796875 0.01875 0.0140625
5 0.18671875 0.93046875 0.04375 0.025
5 0.74296875 0.728125 0.025 0.0265625
5 0.79453125 0.659375 0.021875 0.021875
5 0.51484375 0.62109375 0.0125 0.0140625
5 0.1578125 0.521875 0.01875 0.01875
5 0.17890625 0.38515625 0.01875 0.01875
5 0.13828125 0.534375 0.0125 0.015625