5 0.86328125 0.5625 0.0453125 0.0453125
5 0.8203125 0.66640625 0.0390625 0.0375
5 0.75390625 0.5375 0.0359375 0.040625
5 0.7109375 0.5421875 0.0296875 0.0296875
5 0.759375 0.7984375 0.0265625 0.0296875
5 0.746875 0.7796875 0.025 0.0234375
5 0.728125 0.765625 0.025 0.0234375
5 0.7703125 0.71953125 0.03125 0.0359375
5 0.74296875 0.7484375 0.01875 0.0203125
5 0.75546875 0.6640625 0.03125 0.028125
5 0.73671875 0.6828125 0.0265625 0.0265625
5 0.71484375 0.6921875 0.0265625 0.0296875
5 0.696875 0.725 0.0234375 0.025
5 0.76875 0.61171875 0.0359375 0.0390625
5 0.7359375 0.61171875 0.01875 0.025
5 0.88359375 0.5015625 0.0296875 0.0265625
5 0.83125 0.52109375 0.021875 0.0203125
5 0.82890625 0.4953125 0.0203125 0.0203125
5 0.890625 0.271875 0.0234375 0.0265625
5 0.85078125 0.32890625 0.0203125 0.015625
5 0.83359375 0.36328125 0.0203125 0.021875
5 0.8765625 0.359375 0.0203125 0.01875
5 0.8203125 0.584375 0.0234375 0.025
5 0.5828125 0.52734375 0.0265625 0.0296875
5 0.61953125 0.47109375 0.021875 0.0203125
5 0.63359375 0.62890625 0.0203125 0.025
5 0.70390625 0.42734375 0.021875 0.0203125
5 0.73046875 0.3671875 0.0265625 0.025
5 0.76953125 0.29140625 0.0265625 0.0265625
5 0.69609375 0.26171875 0.028125 0.021875
5 0.66953125 0.33203125 0.0203125 0.021875
5 0.7046875 0.33203125 0.0203125 0.021875
5 0.5375 0.28203125 0.0328125 0.0296875
5 0.6640625 0.6234375 0.0234375 0.0234375
5 0.6515625 0.603125 0.0265625 0.0296875
5 0.91328125 0.17890625 0.028125 0.025
5 0.5828125 0.28046875 0.0296875 0.0265625