4 0.51875 0.3390625 0.04296875 0.03359375
4 0.7890625 0.3703125 0.0265625 0.02890625
4 0.33828125 0.63359375 0.03984375 0.03125
3 0.3890625 0.66328125 0.03984375 0.03359375
4 0.49296875 0.69453125 0.02421875 0.01953125
4 0.4734375 0.7015625 0.02109375 0.01953125
3 0.58046875 0.71015625 0.0484375 0.0453125
3 0.51875 0.771875 0.053125 0.04296875
3 0.58125 0.79453125 0.0453125 0.05078125
3 0.434375 0.7953125 0.03984375 0.03359375
3 0.4734375 0.80390625 0.0375 0.0359375
4 0.73359375 0.16484375 0.0296875 0.0265625