3 0.275 0.3078125 0.040625 0.0796875
3 0.39921875 0.31484375 0.0671875 0.09453125
3 0.68515625 0.3953125 0.0484375 0.0796875
3 0.61640625 0.3953125 0.0359375 0.06484375
4 0.58046875 0.509375 0.040625 0.06875
3 0.62109375 0.52734375 0.06015625 0.08359375
3 0.46875 0.61953125 0.071875 0.07265625
3 0.66796875 0.06875 0.0671875 0.08671875
0 0.7640625 0.784375 0.0625 0.08359375
3 0.625 0.8171875 0.0484375 0.06171875
3 0.7359375 0.865625 0.04296875 0.0796875
3 0.45546875 0.18515625 0.05546875 0.08671875
3 0.615625 0.3046875 0.0578125 0.0796875