5 0.27265625 0.5234375 0.05 0.05
5 0.3359375 0.62421875 0.0359375 0.0390625
5 0.4828125 0.1921875 0.028125 0.034375
5 0.33515625 0.69375 0.021875 0.0234375
5 0.44765625 0.60078125 0.01875 0.025
5 0.52265625 0.51015625 0.0203125 0.021875
5 0.57578125 0.49375 0.025 0.0203125
5 0.52734375 0.453125 0.0203125 0.0203125
5 0.55625 0.61171875 0.01875 0.01875
5 0.63359375 0.478125 0.0171875 0.01875
5 0.58515625 0.44609375 0.021875 0.01875
5 0.47734375 0.5078125 0.0203125 0.021875
5 0.36171875 0.35078125 0.021875 0.01875