1 0.784375 0.50703125 0.034375 0.03359375
1 0.8125 0.56640625 0.0375 0.03125
1 0.77421875 0.57421875 0.034375 0.03359375
1 0.8421875 0.59375 0.03203125 0.02421875
1 0.77578125 0.5984375 0.03203125 0.02890625
1 0.90546875 0.60234375 0.0296875 0.021875
1 0.81953125 0.62109375 0.034375 0.040625
1 0.8984375 0.62890625 0.03203125 0.03125
3 0.95703125 0.640625 0.0265625 0.03125
1 0.73359375 0.65625 0.03984375 0.02421875
1 0.8234375 0.66953125 0.0375 0.021875
1 0.65546875 0.7078125 0.04296875 0.03125
1 0.76640625 0.771875 0.034375 0.02890625
1 0.77109375 0.80078125 0.034375 0.02421875