5 0.28359375 0.6015625 0.0421875 0.040625
5 0.4265625 0.3125 0.034375 0.034375
5 0.30546875 0.15078125 0.0453125 0.0421875
5 0.1609375 0.3296875 0.0421875 0.0375
5 0.30078125 0.48828125 0.0421875 0.0375
5 0.86953125 0.56953125 0.059375 0.0546875
5 0.70546875 0.55390625 0.05 0.040625
5 0.33046875 0.54609375 0.0296875 0.03125
5 0.3671875 0.4859375 0.0375 0.0359375
5 0.359375 0.42109375 0.028125 0.028125
5 0.35 0.94375 0.0390625 0.0328125
5 0.28125 0.4390625 0.028125 0.0265625
5 0.04375 0.36171875 0.0328125 0.0328125
5 0.13671875 0.18515625 0.0328125 0.0359375
5 0.15078125 0.55390625 0.0296875 0.034375
5 0.80234375 0.14140625 0.0296875 0.034375
5 0.29140625 0.528125 0.028125 0.025