5 0.3 0.46953125 0.0234375 0.0234375
5 0.53671875 0.3265625 0.025 0.0265625
5 0.39609375 0.25703125 0.0234375 0.021875
5 0.45 0.27109375 0.0203125 0.021875
5 0.58125 0.24765625 0.021875 0.025
5 0.4921875 0.24453125 0.028125 0.0234375
5 0.63828125 0.41875 0.0234375 0.028125
5 0.41640625 0.4203125 0.0234375 0.0234375
5 0.35625 0.3484375 0.01875 0.021875
5 0.3359375 0.353125 0.01875 0.0203125
5 0.384375 0.34609375 0.0171875 0.0171875
5 0.26171875 0.42578125 0.0171875 0.0171875
5 0.33046875 0.42109375 0.01875 0.01875
5 0.39375 0.3984375 0.01875 0.0203125
5 0.4203125 0.31484375 0.021875 0.0203125
5 0.43515625 0.346875 0.015625 0.01875
5 0.415625 0.35 0.015625 0.0171875
5 0.48359375 0.29375 0.015625 0.0171875
5 0.49609375 0.30390625 0.0140625 0.0140625
5 0.51640625 0.31875 0.0140625 0.015625
5 0.353125 0.29453125 0.0234375 0.01875
5 0.37890625 0.16796875 0.0140625 0.0140625
5 0.38671875 0.20234375 0.015625 0.0171875
5 0.33515625 0.23515625 0.0171875 0.015625
5 0.275 0.27109375 0.0171875 0.0171875
5 0.43984375 0.17578125 0.015625 0.0203125
5 0.46796875 0.25859375 0.021875 0.0203125
5 0.4828125 0.36171875 0.01875 0.0203125
5 0.4828125 0.4421875 0.01875 0.01875
5 0.23515625 0.24765625 0.021875 0.01875
5 0.24296875 0.27265625 0.0203125 0.0171875
5 0.2421875 0.2234375 0.015625 0.0203125
5 0.25625 0.21953125 0.0140625 0.0140625
5 0.32109375 0.17421875 0.0140625 0.015625
5 0.34375 0.15625 0.0171875 0.0171875
5 0.28828125 0.18671875 0.0171875 0.015625
5 0.3546875 0.1203125 0.025 0.021875
5 0.475 0.165625 0.01875 0.021875
5 0.5203125 0.24296875 0.0171875 0.0171875
5 0.50546875 0.2609375 0.015625 0.015625
5 0.49609375 0.27265625 0.0140625 0.0140625
5 0.4828125 0.2765625 0.0171875 0.015625
5 0.38984375 0.05390625 0.01875 0.01875
5 0.40703125 0.04140625 0.01875 0.01875
5 0.3046875 0.09375 0.0171875 0.015625
5 0.3109375 0.11328125 0.0140625 0.0171875
5 0.26328125 0.0984375 0.01875 0.01875
5 0.2703125 0.1265625 0.0171875 0.0171875
5 0.271875 0.06171875 0.01875 0.0203125
5 0.25 0.08125 0.0171875 0.0171875
5 0.4078125 0.10234375 0.015625 0.0171875
5 0.396875 0.12421875 0.0171875 0.015625
5 0.43046875 0.11875 0.0140625 0.0140625
5 0.44296875 0.1515625 0.0140625 0.0140625
5 0.35390625 0.10625 0.0203125 0.015625