5 0.49453125 0.30078125 0.01640625 0.01953125
5 0.240625 0.328125 0.01640625 0.0265625
5 0.54140625 0.40390625 0.01875 0.02890625
5 0.57109375 0.46015625 0.01875 0.0265625
5 0.34609375 0.57109375 0.02421875 0.0171875
5 0.2984375 0.57578125 0.02421875 0.0171875
5 0.27578125 0.58515625 0.01640625 0.0171875
5 0.3234375 0.6046875 0.0265625 0.021875
5 0.45078125 0.725 0.02421875 0.0265625
5 0.3875 0.73046875 0.0265625 0.02421875
5 0.46796875 0.75 0.03203125 0.02890625
5 0.56796875 0.1734375 0.01875 0.02421875
5 0.51484375 0.19140625 0.02421875 0.021875
5 0.47421875 0.1984375 0.034375 0.0171875
5 0.62578125 0.21484375 0.02109375 0.0265625
5 0.41328125 0.23203125 0.01328125 0.0171875
5 0.36640625 0.2609375 0.0265625 0.0171875
5 0.19375 0.2875 0.02421875 0.0171875