5 0.52109375 0.40546875 0.0296875 0.0328125
5 0.371875 0.33359375 0.053125 0.046875
5 0.403125 0.25078125 0.0375 0.0359375
5 0.596875 0.425 0.0515625 0.0453125
5 0.43828125 0.4859375 0.03125 0.03125
5 0.7296875 0.740625 0.0375 0.034375
5 0.48046875 0.209375 0.0296875 0.025
5 0.3984375 0.1171875 0.0234375 0.0265625
5 0.31015625 0.14375 0.0265625 0.0234375
5 0.34375 0.0578125 0.0265625 0.0296875
5 0.2046875 0.6875 0.0390625 0.0359375
5 0.25859375 0.7359375 0.0421875 0.0328125
5 0.278125 0.6140625 0.0296875 0.0296875
5 0.24453125 0.36015625 0.03125 0.0234375
5 0.43359375 0.44375 0.03125 0.03125
5 0.325 0.31796875 0.0234375 0.025
5 0.53828125 0.50078125 0.034375 0.028125
5 0.5296875 0.68515625 0.0265625 0.025
5 0.33515625 0.52265625 0.025 0.0203125
5 0.290625 0.4796875 0.021875 0.0171875
5 0.34140625 0.56171875 0.028125 0.021875