5 0.53203125 0.33984375 0.040625 0.0296875
5 0.54921875 0.42109375 0.03125 0.025
5 0.3359375 0.5359375 0.0390625 0.0421875
5 0.49609375 0.62265625 0.028125 0.028125
5 0.328125 0.58046875 0.034375 0.03125
5 0.2796875 0.58515625 0.03125 0.0328125
5 0.1484375 0.55390625 0.028125 0.021875
5 0.159375 0.51875 0.021875 0.0171875
5 0.11015625 0.5671875 0.021875 0.021875
5 0.0046875 0.7515625 0.009375 0.021875
5 0.24453125 0.340625 0.028125 0.034375
5 0.2734375 0.53046875 0.028125 0.021875
5 0.53984375 0.46171875 0.025 0.0203125