5 0.49765625 0.3421875 0.028125 0.025
5 0.7609375 0.2828125 0.028125 0.021875
5 0.70703125 0.24609375 0.028125 0.025
5 0.58203125 0.49296875 0.01875 0.0171875
5 0.425 0.2875 0.021875 0.021875
5 0.71328125 0.1578125 0.025 0.021875
5 0.44765625 0.5203125 0.01875 0.0171875
5 0.36796875 0.1453125 0.021875 0.0203125
5 0.2421875 0.3640625 0.015625 0.0140625
5 0.91875 0.3125 0.025 0.021875
5 0.34921875 0.771875 0.021875 0.0265625
5 0.384375 0.5828125 0.015625 0.0125
5 0.42421875 0.58046875 0.0171875 0.0140625