5 0.46484375 0.25859375 0.0359375 0.03125
5 0.5875 0.30546875 0.0328125 0.0265625
5 0.509375 0.325 0.021875 0.0203125
5 0.54296875 0.34375 0.0265625 0.0203125
5 0.5109375 0.353125 0.0390625 0.0390625
5 0.70703125 0.31484375 0.025 0.0203125
5 0.69921875 0.24140625 0.025 0.0203125
5 0.66953125 0.28984375 0.0265625 0.0234375
5 0.62578125 0.35234375 0.0328125 0.0234375
5 0.58203125 0.3640625 0.015625 0.0140625
5 0.5640625 0.359375 0.015625 0.0140625
5 0.6125 0.20625 0.0265625 0.021875
5 0.3109375 0.30390625 0.01875 0.0203125
5 0.31953125 0.2671875 0.0203125 0.0234375
5 0.38046875 0.2640625 0.015625 0.015625
5 0.41953125 0.37890625 0.0171875 0.01875
5 0.24375 0.09921875 0.0375 0.0296875
5 0.3046875 0.0578125 0.0390625 0.03125
5 0.3546875 0.159375 0.0234375 0.021875
5 0.62421875 0.18125 0.028125 0.0234375
5 0.61484375 0.771875 0.0296875 0.0265625
5 0.6734375 0.72734375 0.034375 0.0328125
5 0.21875 0.6765625 0.0265625 0.025
5 0.45546875 0.78515625 0.0203125 0.0171875
5 0.47578125 0.79140625 0.0203125 0.01875
5 0.37734375 0.74453125 0.01875 0.0171875
5 0.41015625 0.74609375 0.0203125 0.0203125
5 0.40078125 0.77734375 0.0171875 0.0203125
5 0.26796875 0.7015625 0.0203125 0.0203125
5 0.234375 0.7078125 0.01875 0.0140625
5 0.278125 0.76171875 0.015625 0.0140625
5 0.26015625 0.7875 0.0265625 0.0203125
5 0.09296875 0.56953125 0.01875 0.0171875
5 0.20078125 0.4265625 0.0265625 0.0234375
5 0.071875 0.321875 0.0203125 0.0171875
5 0.09609375 0.36484375 0.0171875 0.021875
5 0.1296875 0.28046875 0.0140625 0.015625
5 0.115625 0.28671875 0.0171875 0.0234375
5 0.52734375 0.86796875 0.0328125 0.028125