3 0.2875 0.21015625 0.0796875 0.09921875
4 0.9375 0.22734375 0.04296875 0.0765625
4 0.6546875 0.23046875 0.05546875 0.08359375
2 0.1859375 0.34765625 0.13671875 0.16328125
4 0.6671875 0.41171875 0.06484375 0.08671875
4 0.96875 0.4265625 0.053125 0.0703125
4 0.3328125 0.43125 0.06015625 0.09296875
0 0.165625 0.46171875 0.071875 0.08359375
4 0.35078125 0.5046875 0.053125 0.0671875
0 0.4625 0.53359375 0.09375 0.1125
4 0.3125 0.553125 0.0625 0.08046875
3 0.70703125 0.6171875 0.0765625 0.08671875
4 0.359375 0.621875 0.09375 0.0703125
4 0.484375 0.65390625 0.06953125 0.08359375
4 0.5640625 0.65703125 0.0796875 0.08359375
4 0.5421875 0.753125 0.05546875 0.0640625
4 0.6390625 0.9453125 0.0625 0.08359375