0 0.28046875 0.43359375 0.03203125 0.021875
0 0.46640625 0.5609375 0.02421875 0.0265625
4 0.325 0.6390625 0.02421875 0.01953125
0 0.2765625 0.65 0.02421875 0.021875
4 0.42265625 0.67421875 0.0375 0.03125
4 0.3359375 0.68515625 0.01875 0.0140625
4 0.3078125 0.709375 0.03203125 0.01953125
3 0.37265625 0.72109375 0.034375 0.03359375
3 0.409375 0.7484375 0.04296875 0.0265625
4 0.378125 0.771875 0.02421875 0.0140625
4 0.34921875 0.77890625 0.01875 0.0140625
3 0.4 0.78359375 0.034375 0.02890625
4 0.32734375 0.84609375 0.0296875 0.01953125
3 0.3140625 0.2546875 0.03984375 0.03359375