5 0.5453125 0.15234375 0.0828125 0.05546875
5 0.63515625 0.16484375 0.06796875 0.0359375
5 0.31796875 0.2015625 0.07109375 0.053125
5 0.58046875 0.22578125 0.0640625 0.03359375
3 0.23515625 0.2796875 0.19140625 0.06484375
3 0.6125 0.31640625 0.09765625 0.06953125
5 0.509375 0.3640625 0.08671875 0.0453125
3 0.16015625 0.3921875 0.1390625 0.08671875
3 0.5375 0.42421875 0.08984375 0.0796875
3 0.6296875 0.43359375 0.09375 0.07421875
3 0.36875 0.446875 0.13515625 0.0625
3 0.47578125 0.46640625 0.1015625 0.053125
3 0.68203125 0.48046875 0.07109375 0.04296875
3 0.31171875 0.50234375 0.09765625 0.053125
3 0.3875 0.50234375 0.06015625 0.04296875
3 0.353125 0.5625 0.10546875 0.0578125
3 0.46015625 0.5796875 0.109375 0.0578125
3 0.67890625 0.58984375 0.07890625 0.06484375
3 0.415625 0.634375 0.09375 0.0578125
3 0.5296875 0.66328125 0.13515625 0.0671875
5 0.14296875 0.74140625 0.0828125 0.040625
5 0.05625 0.74375 0.075 0.040625
3 0.334375 0.759375 0.0828125 0.0671875
3 0.2140625 0.81875 0.09765625 0.07421875
5 0.50390625 0.084375 0.075 0.03359375
3 0.33046875 0.8703125 0.1578125 0.071875