5 0.440625 0.41171875 0.01875 0.0203125
5 0.41171875 0.35078125 0.0140625 0.0140625
5 0.2109375 0.6 0.0171875 0.0171875
5 0.8140625 0.178125 0.0234375 0.021875
5 0.85703125 0.24765625 0.0328125 0.0328125
5 0.14296875 0.32109375 0.0203125 0.021875
5 0.16953125 0.2109375 0.0171875 0.0203125
5 0.1171875 0.13046875 0.03125 0.046875
5 0.23984375 0.70859375 0.0296875 0.028125
5 0.3015625 0.76953125 0.025 0.025
5 0.37734375 0.49765625 0.015625 0.0140625
5 0.52578125 0.15859375 0.021875 0.021875
5 0.65859375 0.19765625 0.021875 0.021875
5 0.51640625 0.1375 0.0171875 0.0140625