1 0.54140625 0.6109375 0.05625 0.02890625
1 0.3515625 0.615625 0.034375 0.03828125
1 0.30078125 0.6265625 0.0453125 0.0359375
1 0.5171875 0.64921875 0.034375 0.0578125
1 0.55234375 0.65625 0.05078125 0.03359375
1 0.33046875 0.678125 0.0296875 0.02890625
1 0.35703125 0.68984375 0.0296875 0.03359375
1 0.30859375 0.68984375 0.02421875 0.02421875
1 0.55859375 0.69375 0.05859375 0.0453125
1 0.46953125 0.70703125 0.09375 0.053125
1 0.26171875 0.72734375 0.0375 0.0359375
1 0.2296875 0.73046875 0.0375 0.04296875
1 0.4609375 0.80390625 0.03984375 0.03125
1 0.39609375 0.8234375 0.0484375 0.0453125
1 0.4375 0.84609375 0.0453125 0.02890625
1 0.41328125 0.88203125 0.03984375 0.02421875
1 0.4234375 0.9078125 0.0296875 0.03125
1 0.6390625 0.19609375 0.0484375 0.0453125