5 0.128125 0.6015625 0.0453125 0.0453125
5 0.1828125 0.5703125 0.03125 0.03125
5 0.41640625 0.11640625 0.034375 0.0390625
5 0.25703125 0.553125 0.021875 0.0234375
5 0.63046875 0.2390625 0.0328125 0.0359375
5 0.29453125 0.553125 0.025 0.025
5 0.8828125 0.50078125 0.025 0.028125
5 0.93984375 0.39375 0.0359375 0.0328125
5 0.61015625 0.56953125 0.025 0.025
5 0.60234375 0.6484375 0.0234375 0.025
5 0.4171875 0.49375 0.021875 0.01875
5 0.41484375 0.5078125 0.01875 0.01875
5 0.35234375 0.3234375 0.021875 0.021875