0 0.4859375 0.31015625 0.01953125 0.025
1 0.3421875 0.32578125 0.0453125 0.05078125
0 0.30546875 0.3296875 0.01953125 0.0359375
0 0.3921875 0.3296875 0.01953125 0.02890625
0 0.29921875 0.3296875 0.0265625 0.0359375
1 0.61328125 0.35703125 0.053125 0.08359375
0 0.475 0.4546875 0.0265625 0.03984375
1 0.4125 0.4984375 0.05078125 0.06875
1 0.55078125 0.5578125 0.03828125 0.05078125
3 0.50390625 0.64296875 0.0359375 0.06171875
0 0.4109375 0.1828125 0.0140625 0.01796875
0 0.553125 0.20078125 0.02421875 0.0328125
0 0.2859375 0.203125 0.0140625 0.021875
0 0.3953125 0.215625 0.0171875 0.03984375
0 0.303125 0.228125 0.02421875 0.021875
0 0.35546875 0.2375 0.0140625 0.025
0 0.30859375 0.240625 0.01171875 0.025
0 0.571875 0.2390625 0.01953125 0.0359375
0 0.521875 0.24609375 0.02421875 0.0359375
0 0.34375 0.25546875 0.0140625 0.0328125
0 0.44140625 0.26640625 0.021875 0.0328125
0 0.5453125 0.26796875 0.02421875 0.02890625
0 0.4515625 0.28828125 0.0140625 0.025
0 0.42578125 0.2859375 0.01953125 0.021875
0 0.5375 0.30078125 0.021875 0.02890625