5 0.51484375 0.475 0.0390625 0.0421875
5 0.50234375 0.41328125 0.034375 0.034375
5 0.59296875 0.409375 0.0375 0.034375
5 0.6203125 0.3234375 0.0390625 0.0296875
5 0.57109375 0.21796875 0.03125 0.0328125
5 0.51640625 0.2390625 0.0296875 0.034375
5 0.47578125 0.2953125 0.03125 0.028125
5 0.43359375 0.27265625 0.0296875 0.0359375
5 0.396875 0.21953125 0.025 0.03125
5 0.34140625 0.06484375 0.0359375 0.0421875
5 0.33828125 0.23046875 0.028125 0.03125
5 0.375 0.31171875 0.0421875 0.0390625
5 0.42734375 0.7265625 0.040625 0.0359375
5 0.303125 0.79921875 0.040625 0.0296875
5 0.3125 0.446875 0.0375 0.0328125
5 0.51875 0.57734375 0.034375 0.03125
5 0.39921875 0.38984375 0.046875 0.0484375
5 0.20078125 0.16015625 0.0359375 0.0359375
5 0.6234375 0.39921875 0.025 0.028125
5 0.32421875 0.53359375 0.028125 0.0234375
5 0.29921875 0.89296875 0.0390625 0.040625
5 0.6578125 0.39609375 0.0296875 0.040625