5 0.49609375 0.61484375 0.040625 0.040625
5 0.621875 0.7546875 0.0484375 0.0484375
5 0.68359375 0.73125 0.0390625 0.040625
5 0.3203125 0.675 0.0390625 0.0375
5 0.315625 0.61484375 0.0359375 0.03125
5 0.70078125 0.3078125 0.04375 0.0421875
5 0.60078125 0.80703125 0.046875 0.0421875
5 0.54765625 0.7875 0.0375 0.03125
5 0.45 0.8625 0.0296875 0.0296875
5 0.23359375 0.840625 0.0328125 0.0296875
5 0.36640625 0.8 0.03125 0.0359375
5 0.38203125 0.8375 0.025 0.021875
5 0.821875 0.7171875 0.0328125 0.0328125
5 0.2734375 0.3890625 0.03125 0.0328125