1 0.8328125 0.55078125 0.0296875 0.01953125
1 0.7203125 0.5640625 0.034375 0.03125
1 0.84921875 0.56484375 0.0296875 0.02421875
1 0.79921875 0.5921875 0.0375 0.0265625
1 0.5828125 0.6140625 0.03203125 0.03125
1 0.86484375 0.61875 0.0296875 0.021875
1 0.8890625 0.634375 0.02421875 0.02421875
1 0.825 0.64296875 0.0296875 0.021875
1 0.77265625 0.65 0.04296875 0.0453125
1 0.640625 0.66015625 0.0296875 0.03125
1 0.7296875 0.6921875 0.0375 0.0484375
1 0.821875 0.7171875 0.05078125 0.0359375
1 0.58984375 0.7203125 0.03984375 0.03125
1 0.77578125 0.7296875 0.04296875 0.03125
1 0.69921875 0.740625 0.0296875 0.02421875
1 0.79375 0.7484375 0.0375 0.03125
1 0.7109375 0.78125 0.03203125 0.02421875
1 0.6859375 0.81875 0.034375 0.0359375
1 0.684375 0.8796875 0.03203125 0.02421875
4 0.4453125 0.9203125 0.034375 0.02421875
4 0.40546875 0.21015625 0.034375 0.03125