5 0.52421875 0.48671875 0.034375 0.03125
5 0.53203125 0.559375 0.028125 0.028125
5 0.45625 0.565625 0.0265625 0.01875
5 0.4421875 0.6 0.0203125 0.0203125
5 0.39765625 0.60859375 0.028125 0.028125
5 0.5125 0.4484375 0.0390625 0.0375
5 0.51953125 0.52734375 0.0203125 0.0203125
5 0.490625 0.52421875 0.0203125 0.0234375
5 0.3890625 0.53125 0.0203125 0.0203125
5 0.4375 0.5265625 0.0125 0.0140625
5 0.4234375 0.56171875 0.0140625 0.0140625
5 0.37890625 0.4390625 0.0203125 0.0171875
5 0.425 0.36640625 0.0234375 0.01875
5 0.528125 0.409375 0.0234375 0.0171875
5 0.59765625 0.490625 0.0203125 0.01875
5 0.628125 0.54453125 0.025 0.0328125
5 0.35859375 0.0953125 0.0265625 0.025
5 0.45234375 0.4765625 0.0203125 0.0171875
5 0.3109375 0.55 0.0203125 0.0203125