5 0.38359375 0.29140625 0.04375 0.0453125
5 0.68203125 0.4140625 0.0359375 0.0359375
5 0.834375 0.28203125 0.04375 0.0484375
5 0.64609375 0.14921875 0.040625 0.04375
5 0.4984375 0.30078125 0.0390625 0.04375
5 0.45625 0.8734375 0.0578125 0.0625
5 0.4609375 0.70859375 0.04375 0.0515625
5 0.4421875 0.334375 0.0328125 0.03125
5 0.5046875 0.36640625 0.0375 0.0390625
5 0.56875 0.35390625 0.0296875 0.0296875
5 0.046875 0.38125 0.034375 0.0390625
5 0.54609375 0.278125 0.028125 0.0296875
5 0.60625 0.03515625 0.034375 0.034375
5 0.7890625 0.115625 0.0375 0.034375
5 0.421875 0.15546875 0.0359375 0.03125
5 0.87890625 0.7765625 0.0359375 0.03125
5 0.45703125 0.29453125 0.0265625 0.0296875