3 0.259375 0.38671875 0.0265625 0.01953125
5 0.221875 0.3953125 0.03203125 0.021875
5 0.62734375 0.428125 0.034375 0.03828125
5 0.20859375 0.446875 0.03203125 0.02421875
4 0.27421875 0.459375 0.03984375 0.02890625
3 0.63203125 0.4671875 0.034375 0.040625
5 0.2234375 0.546875 0.034375 0.03125
5 0.2875 0.62109375 0.0296875 0.021875
5 0.29375 0.6546875 0.03203125 0.0359375
5 0.35546875 0.71015625 0.03203125 0.03125
4 0.43046875 0.7546875 0.04296875 0.03359375
3 0.23828125 0.75859375 0.0484375 0.0453125
5 0.325 0.78515625 0.034375 0.0171875