1 0.35703125 0.340625 0.040625 0.0578125
1 0.51171875 0.36015625 0.03359375 0.0546875
1 0.19609375 0.36015625 0.0265625 0.06875
1 0.3765625 0.4328125 0.0359375 0.06875
1 0.31015625 0.475 0.02890625 0.0578125
1 0.47109375 0.48515625 0.03359375 0.0578125
1 0.2859375 0.5234375 0.03359375 0.046875
1 0.384375 0.5328125 0.03828125 0.0578125
1 0.3296875 0.55234375 0.0484375 0.06171875
1 0.44609375 0.67578125 0.0359375 0.07578125
1 0.39453125 0.7171875 0.053125 0.0796875
3 0.4171875 0.86796875 0.0265625 0.046875