3 0.72734375 0.3078125 0.040625 0.0796875
3 0.60078125 0.31484375 0.0671875 0.09453125
3 0.31484375 0.3953125 0.0484375 0.0796875
3 0.3859375 0.3953125 0.0359375 0.06484375
4 0.421875 0.509375 0.040625 0.06875
3 0.38125 0.52734375 0.06015625 0.08359375
3 0.53125 0.61953125 0.071875 0.07265625
3 0.33203125 0.06875 0.0671875 0.08671875
0 0.2359375 0.784375 0.0625 0.08359375
3 0.375 0.8171875 0.0484375 0.06171875
3 0.2640625 0.865625 0.04296875 0.0796875
3 0.546875 0.18515625 0.05546875 0.08671875
3 0.384375 0.3046875 0.0578125 0.0796875