4 0.5296875 0.36015625 0.0265625 0.0328125
4 0.60078125 0.39140625 0.01953125 0.02890625
4 0.5578125 0.4078125 0.01953125 0.025
4 0.55078125 0.44375 0.02421875 0.0328125
4 0.5828125 0.44765625 0.0171875 0.01796875
4 0.83984375 0.4546875 0.0265625 0.03984375
4 0.7125 0.45625 0.0265625 0.0359375
4 0.490625 0.48359375 0.02421875 0.03984375
4 0.66796875 0.525 0.01953125 0.02890625
4 0.62890625 0.53046875 0.021875 0.025
4 0.58203125 0.54140625 0.01953125 0.01796875
4 0.56015625 0.56328125 0.0140625 0.025
4 0.7234375 0.70078125 0.01953125 0.0328125
4 0.671875 0.715625 0.0171875 0.025
3 0.3765625 0.0796875 0.0265625 0.0359375
4 0.19375 0.2171875 0.03125 0.021875
4 0.69921875 0.3046875 0.02890625 0.0359375
4 0.7640625 0.30625 0.02421875 0.0328125