1 0.4328125 0.25859375 0.0671875 0.03125
1 0.3453125 0.4234375 0.02890625 0.03359375
1 0.30546875 0.42890625 0.0515625 0.05546875
1 0.35546875 0.45703125 0.0609375 0.01953125
1 0.2734375 0.4828125 0.07109375 0.03828125
1 0.19765625 0.4984375 0.0484375 0.03125
1 0.49375 0.51328125 0.0671875 0.07421875
1 0.42890625 0.51796875 0.0546875 0.06015625
1 0.3359375 0.5171875 0.0484375 0.0578125
1 0.23671875 0.52890625 0.0671875 0.03828125
1 0.396875 0.55625 0.02265625 0.040625
1 0.35390625 0.571875 0.0453125 0.04296875
1 0.4359375 0.60078125 0.1125 0.053125
1 0.36015625 0.6625 0.07734375 0.07421875
1 0.48046875 0.6609375 0.0609375 0.053125