5 0.35 0.5453125 0.02109375 0.01953125
5 0.49765625 0.5578125 0.02109375 0.01953125
5 0.52578125 0.6109375 0.0296875 0.01953125
5 0.45859375 0.68984375 0.02421875 0.0140625
5 0.44375 0.70546875 0.02109375 0.0171875
5 0.40625 0.7328125 0.0265625 0.0140625
5 0.3796875 0.74375 0.02109375 0.01171875
5 0.51875 0.7453125 0.0375 0.02890625
5 0.39609375 0.76953125 0.0265625 0.02421875
5 0.48515625 0.85078125 0.02421875 0.0140625
5 0.61796875 0.90859375 0.02109375 0.02421875
5 0.64296875 0.91484375 0.0296875 0.0171875
5 0.51328125 0.9171875 0.02109375 0.0171875
5 0.6125 0.93359375 0.02109375 0.0171875