5 0.52265625 0.50234375 0.0609375 0.0765625
5 0.4359375 0.44375 0.040625 0.0453125
5 0.38203125 0.4859375 0.0515625 0.053125
5 0.2328125 0.5078125 0.04375 0.0453125
5 0.23125 0.28359375 0.0453125 0.040625
5 0.68125 0.29375 0.0453125 0.040625
5 0.59765625 0.52734375 0.053125 0.0453125
5 0.571875 0.5484375 0.046875 0.04375
5 0.25703125 0.62734375 0.0421875 0.034375
5 0.47578125 0.71796875 0.0578125 0.0546875
5 0.82734375 0.965625 0.034375 0.0390625
5 0.546875 0.840625 0.03125 0.0375
5 0.67734375 0.9078125 0.0359375 0.03125
5 0.1875 0.71796875 0.0375 0.0375
5 0.3625 0.74765625 0.0296875 0.0296875
5 0.1875 0.4828125 0.053125 0.0578125
5 0.60078125 0.73046875 0.0265625 0.034375