1 0.70859375 0.34765625 0.0375 0.0171875
1 0.859375 0.41953125 0.03984375 0.0359375
1 0.878125 0.43359375 0.0296875 0.03125
1 0.86796875 0.55625 0.03984375 0.040625
1 0.871875 0.59765625 0.03203125 0.0359375
1 0.80234375 0.62890625 0.0375 0.0359375
1 0.840625 0.634375 0.02421875 0.02890625
1 0.8140625 0.68984375 0.034375 0.02421875
1 0.7890625 0.6984375 0.02109375 0.021875
1 0.8359375 0.69921875 0.02421875 0.02890625
1 0.859375 0.69921875 0.034375 0.01953125
1 0.80625 0.71171875 0.034375 0.02421875
1 0.68984375 0.7140625 0.03203125 0.02421875
1 0.6671875 0.71875 0.034375 0.02890625
1 0.81953125 0.72578125 0.0296875 0.02890625
1 0.86640625 0.72578125 0.02109375 0.01953125
1 0.715625 0.7296875 0.034375 0.0359375
1 0.89453125 0.73828125 0.0296875 0.02890625
1 0.603125 0.7546875 0.0296875 0.02421875
1 0.64140625 0.7875 0.053125 0.05078125
1 0.67890625 0.8171875 0.0265625 0.02421875
1 0.7484375 0.83515625 0.0484375 0.040625
1 0.7046875 0.84140625 0.034375 0.01953125
1 0.7140625 0.86171875 0.04296875 0.03125
1 0.72890625 0.89453125 0.03984375 0.04296875
1 0.70625 0.915625 0.0484375 0.02421875