5 0.25390625 0.3390625 0.01640625 0.01953125
4 0.334375 0.37890625 0.01640625 0.0171875
0 0.24453125 0.49609375 0.0296875 0.0171875
5 0.32890625 0.6578125 0.02109375 0.0171875
5 0.34375 0.69140625 0.01875 0.0171875
1 0.31796875 0.71171875 0.03203125 0.02421875
1 0.2390625 0.72578125 0.02421875 0.02421875
1 0.19375 0.73046875 0.02421875 0.01953125
1 0.590625 0.75390625 0.02109375 0.021875
1 0.40078125 0.775 0.0375 0.03125
1 0.371875 0.8078125 0.03203125 0.02890625
5 0.41171875 0.25234375 0.02109375 0.0140625
5 0.2703125 0.275 0.01640625 0.01171875