1 0.21796875 0.50703125 0.034375 0.03359375
1 0.1875 0.56640625 0.0375 0.03125
1 0.22890625 0.57421875 0.034375 0.03359375
1 0.1578125 0.59375 0.03203125 0.02421875
1 0.22421875 0.5984375 0.03203125 0.02890625
1 0.09765625 0.60234375 0.0296875 0.021875
1 0.1828125 0.62109375 0.034375 0.040625
1 0.1015625 0.62890625 0.03203125 0.03125
3 0.04296875 0.640625 0.0265625 0.03125
1 0.26875 0.65625 0.03984375 0.02421875
1 0.1765625 0.66953125 0.0375 0.021875
1 0.34453125 0.7078125 0.04296875 0.03125
1 0.23671875 0.771875 0.034375 0.02890625
1 0.23125 0.80078125 0.034375 0.02421875