5 0.26484375 0.553125 0.0515625 0.040625
5 0.415625 0.66328125 0.0390625 0.05
5 0.46015625 0.75390625 0.0484375 0.0515625
5 0.21484375 0.25859375 0.040625 0.04375
5 0.28828125 0.1984375 0.0375 0.0453125
5 0.38203125 0.5578125 0.0375 0.040625
5 0.63359375 0.6796875 0.0359375 0.034375
5 0.54375 0.76953125 0.04375 0.040625
5 0.36640625 0.88984375 0.0390625 0.03125
5 0.39765625 0.9546875 0.0375 0.0375
5 0.43984375 0.8 0.034375 0.0359375
5 0.37578125 0.7953125 0.0375 0.040625
5 0.24609375 0.8203125 0.0296875 0.034375
5 0.26875 0.865625 0.0390625 0.034375
5 0.38515625 0.7453125 0.0421875 0.0359375