5 0.51015625 0.8375 0.0375 0.0375
5 0.546875 0.74140625 0.0265625 0.021875
5 0.58125 0.728125 0.025 0.021875
5 0.49453125 0.703125 0.0234375 0.01875
5 0.47734375 0.66015625 0.0203125 0.0234375
5 0.41875 0.64765625 0.0234375 0.0171875
5 0.45546875 0.71953125 0.021875 0.0171875
5 0.3828125 0.4859375 0.0203125 0.01875
5 0.34296875 0.4390625 0.0203125 0.0203125
5 0.365625 0.58046875 0.01875 0.0140625
5 0.4328125 0.6 0.0203125 0.0140625
5 0.52109375 0.60625 0.0203125 0.0203125
5 0.4390625 0.51953125 0.0203125 0.0171875
5 0.5921875 0.60625 0.01875 0.01875
5 0.5328125 0.66484375 0.0171875 0.0140625
5 0.45625 0.8359375 0.0171875 0.0125
5 0.41953125 0.84296875 0.0171875 0.0125
5 0.23515625 0.5953125 0.0171875 0.0203125
5 0.22734375 0.65546875 0.0171875 0.015625
5 0.3125 0.603125 0.0125 0.0125
5 0.3046875 0.621875 0.0109375 0.0109375
5 0.30859375 0.63671875 0.0125 0.0109375
5 0.49609375 0.6296875 0.009375 0.009375
5 0.50234375 0.80859375 0.0125 0.0109375
5 0.49921875 0.78359375 0.0171875 0.0125
5 0.37890625 0.75 0.0109375 0.0109375