5 0.3421875 0.3875 0.0171875 0.02890625
3 0.5375 0.57578125 0.021875 0.02890625
3 0.5140625 0.6578125 0.03828125 0.0546875
1 0.5796875 0.7171875 0.03828125 0.05078125
1 0.4578125 0.72265625 0.0359375 0.03984375
1 0.515625 0.74296875 0.040625 0.04375
5 0.41484375 0.21015625 0.021875 0.02890625
5 0.3453125 0.21953125 0.0171875 0.01796875
5 0.30390625 0.225 0.0171875 0.021875
5 0.41015625 0.23203125 0.0171875 0.021875
5 0.375 0.2375 0.0140625 0.01796875
5 0.35703125 0.2609375 0.021875 0.02890625
5 0.39921875 0.26640625 0.01953125 0.025
5 0.37109375 0.275 0.021875 0.021875
5 0.41953125 0.27734375 0.01171875 0.01796875