5 0.50234375 0.915625 0.0453125 0.0390625
5 0.30625 0.76953125 0.05 0.040625
5 0.3390625 0.59140625 0.03125 0.028125
5 0.06875 0.55390625 0.0453125 0.040625
5 0.1671875 0.7734375 0.046875 0.0375
5 0.79609375 0.3640625 0.034375 0.03125
5 0.86796875 0.3265625 0.0328125 0.03125
5 0.5171875 0.63359375 0.0234375 0.0234375
5 0.64296875 0.7046875 0.0265625 0.025
5 0.3703125 0.234375 0.025 0.0328125
5 0.42265625 0.221875 0.0265625 0.0296875
5 0.46640625 0.24921875 0.0140625 0.01875
5 0.425 0.2515625 0.021875 0.0265625
5 0.38046875 0.2046875 0.0171875 0.0171875
5 0.3125 0.26875 0.028125 0.028125
5 0.3859375 0.33046875 0.0296875 0.025
5 0.20234375 0.58828125 0.025 0.0265625
5 0.1578125 0.68125 0.021875 0.0265625
5 0.59375 0.3578125 0.0265625 0.0234375
5 0.55859375 0.33359375 0.0171875 0.0203125