5 0.5 0.47734375 0.071875 0.0546875
5 0.45078125 0.56953125 0.0421875 0.0375
5 0.4984375 0.61875 0.05 0.046875
5 0.53515625 0.76484375 0.0421875 0.040625
5 0.31328125 0.78984375 0.0375 0.0421875
5 0.27578125 0.34140625 0.0375 0.0421875
5 0.5171875 0.4 0.040625 0.05
5 0.540625 0.4234375 0.040625 0.04375
5 0.65234375 0.728125 0.03125 0.0390625
5 0.71953125 0.5015625 0.05 0.053125
5 0.92890625 0.12578125 0.0359375 0.0296875
5 0.83359375 0.41796875 0.0359375 0.0265625
5 0.8875 0.28125 0.028125 0.0328125
5 0.74921875 0.78828125 0.034375 0.034375
5 0.7609375 0.6109375 0.0265625 0.0265625
5 0.515625 0.8125 0.053125 0.0484375
5 0.71875 0.37578125 0.0328125 0.0234375