5 0.7125 0.3140625 0.028125 0.0265625
5 0.6453125 0.3421875 0.0296875 0.034375
5 0.63046875 0.3203125 0.0296875 0.0328125
5 0.55234375 0.26328125 0.028125 0.034375
5 0.59296875 0.21796875 0.025 0.025
5 0.66328125 0.2078125 0.0296875 0.0296875
5 0.60078125 0.41171875 0.0265625 0.028125
5 0.453125 0.34296875 0.0359375 0.03125
5 0.378125 0.315625 0.0359375 0.0359375
5 0.46640625 0.13125 0.0265625 0.0265625
5 0.4578125 0.221875 0.0265625 0.0296875
5 0.43203125 0.18359375 0.0265625 0.03125
5 0.77109375 0.528125 0.0265625 0.03125
5 0.8171875 0.07265625 0.028125 0.0265625
5 0.73515625 0.1234375 0.0359375 0.03125
5 0.72265625 0.2234375 0.025 0.0296875
5 0.1296875 0.98046875 0.0265625 0.028125
5 0.43671875 0.78828125 0.025 0.028125
5 0.41953125 0.76640625 0.0015625 0.003125