3 0.59375 0.4484375 0.04296875 0.0359375
3 0.52734375 0.5015625 0.040625 0.03359375
3 0.66953125 0.5984375 0.05546875 0.0484375
3 0.6359375 0.6234375 0.040625 0.0515625
3 0.4078125 0.6359375 0.05078125 0.04140625
3 0.4484375 0.6984375 0.05078125 0.03828125
3 0.38828125 0.7203125 0.040625 0.04140625
3 0.24296875 0.73046875 0.04296875 0.05625
3 0.46484375 0.74765625 0.06015625 0.0484375
4 0.7296875 0.8921875 0.0359375 0.03046875
4 0.6546875 0.91015625 0.03125 0.03046875
4 0.6140625 0.91015625 0.03125 0.03046875