5 0.453125 0.31484375 0.01875 0.0140625
0 0.471875 0.3375 0.01875 0.0171875
5 0.571875 0.6109375 0.01640625 0.0140625
5 0.58046875 0.640625 0.01640625 0.01171875
5 0.66015625 0.646875 0.01640625 0.0140625
5 0.56953125 0.6671875 0.0109375 0.01171875
5 0.57109375 0.678125 0.01328125 0.0140625
5 0.63671875 0.68046875 0.02109375 0.0140625
5 0.5546875 0.68125 0.01328125 0.01171875
5 0.6578125 0.70703125 0.01640625 0.0140625
5 0.6296875 0.71015625 0.01875 0.01171875
5 0.54140625 0.7203125 0.01328125 0.01171875
5 0.6109375 0.73828125 0.02421875 0.01953125
5 0.7203125 0.76328125 0.01875 0.01171875
5 0.703125 0.76796875 0.01640625 0.0171875
5 0.54296875 0.8234375 0.01640625 0.01171875
5 0.66171875 0.85 0.02421875 0.0171875
5 0.4625 0.89921875 0.02109375 0.0140625
5 0.41328125 0.94609375 0.01875 0.0171875
5 0.38359375 0.95078125 0.01875 0.01171875
5 0.3609375 0.953125 0.02109375 0.0171875