1 0.4078125 0.6609375 0.034375 0.04296875
1 0.30234375 0.69453125 0.03203125 0.02421875
1 0.51328125 0.703125 0.0265625 0.021875
1 0.5359375 0.73046875 0.02421875 0.02421875
1 0.5859375 0.7515625 0.02109375 0.021875
3 0.4625 0.765625 0.0265625 0.021875
1 0.42265625 0.77734375 0.0265625 0.0359375
1 0.41015625 0.828125 0.034375 0.0359375
1 0.67109375 0.85703125 0.0265625 0.021875
1 0.47734375 0.85703125 0.05078125 0.0453125
1 0.60703125 0.87890625 0.0484375 0.0359375
1 0.67265625 0.91328125 0.03984375 0.03359375
3 0.621875 0.92890625 0.034375 0.021875
1 0.678125 0.1671875 0.034375 0.0359375