1 0.6859375 0.33203125 0.0453125 0.02421875
1 0.853125 0.359375 0.03203125 0.03125
1 0.71953125 0.7046875 0.0375 0.02890625
1 0.65390625 0.72265625 0.0453125 0.0359375
1 0.84375 0.74296875 0.05078125 0.01953125
1 0.43046875 0.89765625 0.0375 0.021875
1 0.43828125 0.921875 0.0265625 0.021875
0 0.49296875 0.2015625 0.02421875 0.01953125
0 0.45078125 0.21015625 0.02421875 0.0171875
0 0.46015625 0.21640625 0.01640625 0.0140625
5 0.4140625 0.228125 0.01640625 0.0140625
0 0.4703125 0.234375 0.02109375 0.021875
5 0.42265625 0.2453125 0.02109375 0.0140625
1 0.490625 0.2671875 0.0296875 0.02890625