4 0.72421875 0.303125 0.0265625 0.0140625
4 0.3515625 0.66015625 0.03984375 0.0265625
4 0.6375 0.6734375 0.0296875 0.02421875
4 0.7515625 0.6828125 0.0265625 0.02421875
4 0.56015625 0.928125 0.01328125 0.01953125
4 0.54140625 0.93125 0.01875 0.01171875
4 0.446875 0.946875 0.02109375 0.0140625
5 0.571875 0.18046875 0.0265625 0.01953125
5 0.534375 0.20078125 0.01640625 0.01171875
5 0.49453125 0.2203125 0.02109375 0.01171875
5 0.5640625 0.228125 0.02109375 0.0140625
5 0.553125 0.259375 0.02109375 0.009375