1 0.434375 0.3734375 0.03984375 0.040625
1 0.45703125 0.44453125 0.053125 0.053125
1 0.82109375 0.49609375 0.0484375 0.0453125
1 0.76640625 0.54296875 0.05078125 0.03828125
1 0.7953125 0.5921875 0.03984375 0.0453125
1 0.65390625 0.6046875 0.07734375 0.06484375
1 0.2015625 0.65 0.0296875 0.040625
1 0.2796875 0.6546875 0.034375 0.0359375
1 0.69375 0.671875 0.0453125 0.040625
1 0.60546875 0.6921875 0.03984375 0.03359375
1 0.60390625 0.6984375 0.0484375 0.040625
1 0.5203125 0.703125 0.0671875 0.05078125
1 0.396875 0.703125 0.034375 0.03125
1 0.72734375 0.7296875 0.0375 0.05546875
1 0.43984375 0.25625 0.08828125 0.0453125