5 0.64296875 0.34140625 0.034375 0.02421875
5 0.68828125 0.41953125 0.02421875 0.0359375
3 0.703125 0.46015625 0.0265625 0.021875
1 0.73125 0.484375 0.0296875 0.0359375
5 0.5578125 0.515625 0.0296875 0.03125
1 0.696875 0.515625 0.0453125 0.040625
3 0.65 0.521875 0.0375 0.03828125
1 0.65 0.5734375 0.04296875 0.05078125
1 0.6859375 0.58515625 0.034375 0.040625
5 0.5671875 0.615625 0.0265625 0.02421875
1 0.696875 0.71640625 0.05625 0.03828125
1 0.63203125 0.71875 0.05625 0.0484375
2 0.675 0.75859375 0.0453125 0.0359375