4 0.14375 0.2890625 0.1140625 0.0625
0 0.8375 0.3328125 0.0828125 0.03828125
2 0.52265625 0.3359375 0.1453125 0.10859375
4 0.3578125 0.34375 0.065625 0.05546875
3 0.4328125 0.3515625 0.0828125 0.0625
4 0.15234375 0.36015625 0.07578125 0.06015625
3 0.2875 0.4328125 0.10390625 0.06015625
3 0.74921875 0.484375 0.10703125 0.07265625
4 0.02734375 0.5421875 0.04140625 0.03828125
2 0.57578125 0.60390625 0.13515625 0.09375
4 0.49296875 0.61484375 0.1 0.0625
4 0.5171875 0.6890625 0.07265625 0.0578125
4 0.81796875 0.71328125 0.13515625 0.07734375
4 0.94296875 0.7890625 0.10703125 0.06953125
4 0.80078125 0.7953125 0.1140625 0.0578125
4 0.5 0.7984375 0.0796875 0.04609375
4 0.5484375 0.83125 0.07265625 0.03828125
4 0.6140625 0.8484375 0.1140625 0.04375
4 0.68828125 0.8796875 0.1453125 0.0671875