0 0.38359375 0.1515625 0.01171875 0.02109375
0 0.39765625 0.16015625 0.0171875 0.03828125
0 0.384375 0.17109375 0.0140625 0.0171875
3 0.509375 0.17734375 0.03359375 0.0640625
0 0.47734375 0.2328125 0.0171875 0.02109375
0 0.5 0.35234375 0.0140625 0.03828125
0 0.515625 0.40625 0.0171875 0.02578125
0 0.44609375 0.52578125 0.01171875 0.034375
0 0.5 0.57265625 0.0140625 0.02578125
0 0.27265625 0.57890625 0.01171875 0.0296875
0 0.3640625 0.59375 0.01171875 0.02578125
0 0.3765625 0.60234375 0.01171875 0.02578125
0 0.37109375 0.6171875 0.01171875 0.02109375
0 0.375 0.63046875 0.009375 0.0296875
4 0.2125 0.65390625 0.01171875 0.034375
0 0.37265625 0.66875 0.009375 0.0125
0 0.375 0.68359375 0.009375 0.0171875
0 0.36171875 0.6859375 0.01171875 0.02109375
0 0.3578125 0.68984375 0.009375 0.0125
3 0.38203125 0.68984375 0.03828125 0.05546875
4 0.23671875 0.6984375 0.01171875 0.02109375
3 0.3421875 0.703125 0.0265625 0.03828125
0 0.57109375 0.703125 0.0171875 0.03828125
0 0.365625 0.7375 0.01953125 0.0296875
4 0.26796875 0.75390625 0.01171875 0.02109375
0 0.3296875 0.7625 0.0140625 0.02109375
4 0.59375 0.76484375 0.01953125 0.034375
4 0.30390625 0.803125 0.00703125 0.0171875
4 0.3125 0.88671875 0.009375 0.0125
4 0.2546875 0.89296875 0.009375 0.0171875