5 0.65 0.5453125 0.02109375 0.01953125
5 0.50234375 0.5578125 0.02109375 0.01953125
5 0.47734375 0.6109375 0.0296875 0.01953125
5 0.54375 0.68984375 0.02421875 0.0140625
5 0.55625 0.70546875 0.02109375 0.0171875
5 0.59375 0.7328125 0.0265625 0.0140625
5 0.6203125 0.74375 0.02109375 0.01171875
5 0.48125 0.7453125 0.0375 0.02890625
5 0.60390625 0.76953125 0.0265625 0.02421875
5 0.5171875 0.85078125 0.02421875 0.0140625
5 0.38203125 0.90859375 0.02109375 0.02421875
5 0.359375 0.91484375 0.0296875 0.0171875
5 0.48671875 0.9171875 0.02109375 0.0171875
5 0.3875 0.93359375 0.02109375 0.0171875