5 0.7609375 0.290625 0.02421875 0.01953125
4 0.76484375 0.2953125 0.03203125 0.02421875
4 0.2859375 0.5734375 0.0265625 0.0265625
4 0.59609375 0.7125 0.0265625 0.021875
3 0.7203125 0.7125 0.03984375 0.040625
4 0.2703125 0.71640625 0.04296875 0.03359375
4 0.6671875 0.7765625 0.0296875 0.02421875
4 0.5828125 0.77890625 0.02109375 0.01953125
4 0.64453125 0.8109375 0.02109375 0.021875
4 0.6375 0.8296875 0.01875 0.01953125
4 0.2953125 0.84375 0.034375 0.02890625
4 0.68984375 0.84609375 0.02109375 0.01953125
4 0.33984375 0.89765625 0.0265625 0.021875
4 0.5390625 0.921875 0.034375 0.0265625
4 0.48515625 0.93984375 0.02421875 0.01953125
4 0.571875 0.97109375 0.02109375 0.01953125
4 0.5671875 0.1140625 0.0265625 0.021875
4 0.546875 0.125 0.034375 0.02890625
5 0.5734375 0.1546875 0.01875 0.01171875
5 0.546875 0.15625 0.02421875 0.01953125
4 0.40546875 0.1625 0.0296875 0.0265625
4 0.6390625 0.19609375 0.04296875 0.03125
5 0.54296875 0.20078125 0.02109375 0.01171875
5 0.55859375 0.203125 0.0109375 0.01171875
5 0.49609375 0.2046875 0.01328125 0.0140625
5 0.51484375 0.20546875 0.01328125 0.01171875
5 0.55078125 0.2171875 0.01640625 0.01171875
5 0.528125 0.2234375 0.01328125 0.0140625
5 0.48359375 0.22578125 0.01640625 0.0140625
5 0.61328125 0.2296875 0.01875 0.0171875
5 0.47421875 0.2328125 0.01875 0.01953125
5 0.56015625 0.240625 0.01875 0.0140625
5 0.52421875 0.24140625 0.02109375 0.0171875
5 0.534375 0.25390625 0.01640625 0.01171875
5 0.546875 0.25859375 0.01328125 0.01171875
5 0.61328125 0.26171875 0.01875 0.0140625
5 0.5078125 0.26171875 0.02109375 0.01953125
5 0.64609375 0.2703125 0.01875 0.0171875