5 0.6 0.14296875 0.025 0.03125
5 0.6671875 0.171875 0.028125 0.028125
5 0.36640625 0.24375 0.03125 0.0296875
5 0.4140625 0.26796875 0.021875 0.0265625
5 0.44375 0.2890625 0.0265625 0.021875
5 0.50703125 0.25546875 0.021875 0.0234375
5 0.58203125 0.2046875 0.03125 0.025
5 0.43203125 0.3484375 0.0203125 0.0203125
5 0.40625 0.31015625 0.0203125 0.0203125
5 0.3015625 0.28671875 0.021875 0.0203125
5 0.49765625 0.1625 0.0171875 0.01875
5 0.5015625 0.2015625 0.021875 0.021875
5 0.48515625 0.23828125 0.0234375 0.0234375
5 0.4390625 0.25 0.0234375 0.0234375
5 0.5453125 0.4828125 0.01875 0.0265625
5 0.37421875 0.21015625 0.0234375 0.0203125
5 0.36796875 0.2984375 0.0234375 0.021875
5 0.35625 0.42734375 0.021875 0.0203125
5 0.57734375 0.2609375 0.028125 0.028125
5 0.44375 0.22578125 0.01875 0.0171875
5 0.4734375 0.221875 0.0203125 0.0171875
5 0.47890625 0.18671875 0.0171875 0.0203125
5 0.66953125 0.56328125 0.021875 0.0265625
5 0.590625 0.58125 0.0171875 0.0203125
5 0.62734375 0.596875 0.01875 0.0171875
5 0.325 0.321875 0.0203125 0.01875
5 0.35390625 0.33203125 0.0203125 0.0203125
5 0.25234375 0.31953125 0.0203125 0.0171875