2 0.61640625 0.36875 0.0828125 0.0890625
4 0.22421875 0.59609375 0.0375 0.03828125
3 0.4703125 0.62265625 0.053125 0.0484375
3 0.52109375 0.625 0.05859375 0.0671875
4 0.471875 0.625 0.0453125 0.03359375
0 0.378125 0.734375 0.03984375 0.0453125
4 0.20703125 0.73671875 0.034375 0.0453125
3 0.5015625 0.865625 0.06171875 0.0578125
4 0.5015625 0.87109375 0.0453125 0.040625
4 0.26484375 0.9125 0.05859375 0.0453125
2 0.44375 0.103125 0.15 0.1203125
3 0.490625 0.21484375 0.05078125 0.06015625
4 0.65625 0.25390625 0.03984375 0.040625