5 0.48671875 0.3109375 0.04296875 0.03125
5 0.43203125 0.31953125 0.0296875 0.02890625
5 0.23828125 0.603125 0.03203125 0.02890625
1 0.17890625 0.6078125 0.075 0.0671875
5 0.3265625 0.6453125 0.0265625 0.021875
1 0.128125 0.68359375 0.04296875 0.06015625
5 0.3046875 0.6890625 0.0265625 0.0265625
1 0.196875 0.696875 0.05078125 0.0578125
5 0.47734375 0.76796875 0.01875 0.0265625
5 0.38515625 0.775 0.03203125 0.0265625
1 0.1859375 0.7921875 0.034375 0.040625
5 0.3703125 0.8234375 0.034375 0.0265625