5 0.4609375 0.56171875 0.04375 0.040625
5 0.440625 0.48515625 0.034375 0.0328125
5 0.18359375 0.23828125 0.0203125 0.0296875
5 0.2140625 0.26796875 0.0203125 0.021875
5 0.2796875 0.1796875 0.0171875 0.0234375
5 0.02265625 0.196875 0.0265625 0.0265625
5 0.3828125 0.50234375 0.0171875 0.0140625
5 0.28515625 0.434375 0.0203125 0.025
5 0.296875 0.23359375 0.0203125 0.0234375
5 0.37578125 0.21796875 0.0171875 0.015625
5 0.19296875 0.87890625 0.015625 0.0171875
5 0.21875 0.7859375 0.025 0.0203125
5 0.259375 0.7328125 0.0171875 0.0171875