5 0.5390625 0.303125 0.02421875 0.01953125
5 0.75390625 0.3546875 0.02109375 0.0265625
5 0.803125 0.35703125 0.02421875 0.0265625
5 0.715625 0.37265625 0.0296875 0.02890625
5 0.81015625 0.4265625 0.02109375 0.0359375
5 0.803125 0.525 0.0296875 0.03125
5 0.803125 0.56953125 0.0296875 0.02421875
5 0.77421875 0.60703125 0.01328125 0.0171875
5 0.6640625 0.61640625 0.0296875 0.03125
5 0.7109375 0.64296875 0.01640625 0.021875
5 0.60703125 0.6515625 0.0375 0.02890625
5 0.7140625 0.66796875 0.01640625 0.01953125
5 0.73359375 0.67890625 0.02421875 0.0265625
5 0.68203125 0.6828125 0.02109375 0.01953125
5 0.62265625 0.69609375 0.02109375 0.0171875
5 0.65078125 0.69921875 0.02421875 0.02421875
5 0.7609375 0.7015625 0.02421875 0.02421875
5 0.83671875 0.72578125 0.0265625 0.02890625
5 0.5390625 0.78359375 0.034375 0.0140625
5 0.53359375 0.22734375 0.0296875 0.021875
5 0.46796875 0.26328125 0.0265625 0.0171875
5 0.50234375 0.27421875 0.02109375 0.02890625