3 0.50546875 0.29296875 0.053125 0.03828125
3 0.6484375 0.31875 0.0453125 0.03125
3 0.5671875 0.4203125 0.0375 0.03828125
3 0.7296875 0.58671875 0.0484375 0.03359375
3 0.56953125 0.6265625 0.05859375 0.040625
3 0.44375 0.6296875 0.0375 0.03359375
3 0.41171875 0.66015625 0.053125 0.05078125
3 0.60859375 0.69453125 0.0453125 0.03359375
3 0.534375 0.9015625 0.0265625 0.01953125
3 0.55078125 0.92578125 0.0265625 0.01953125
3 0.52265625 0.959375 0.03984375 0.02421875
3 0.67265625 0.2609375 0.034375 0.040625