5 0.7359375 0.40859375 0.03125 0.028125
5 0.69921875 0.45234375 0.028125 0.0234375
5 0.7890625 0.66484375 0.0328125 0.0296875
5 0.90390625 0.63046875 0.0296875 0.021875
5 0.5234375 0.43828125 0.0390625 0.0359375
5 0.54453125 0.3984375 0.0203125 0.0265625
5 0.634375 0.42109375 0.0265625 0.0234375
5 0.66171875 0.3796875 0.0296875 0.0296875
5 0.703125 0.38828125 0.0234375 0.025
5 0.63359375 0.5890625 0.0234375 0.0234375
5 0.6265625 0.646875 0.0203125 0.01875
5 0.45078125 0.39296875 0.0328125 0.0234375
5 0.396875 0.39765625 0.025 0.028125
5 0.46640625 0.53828125 0.0203125 0.0203125
5 0.41640625 0.62734375 0.021875 0.01875
5 0.4515625 0.6875 0.0234375 0.0234375
5 0.5265625 0.69453125 0.01875 0.0171875
5 0.58359375 0.44140625 0.0203125 0.0203125
5 0.5640625 0.51796875 0.0234375 0.0203125
5 0.6515625 0.29921875 0.025 0.0203125
5 0.6328125 0.35078125 0.0234375 0.01875
5 0.62265625 0.51953125 0.0265625 0.0203125
5 0.678125 0.56953125 0.0234375 0.0203125
5 0.7046875 0.5671875 0.0203125 0.021875
5 0.7640625 0.478125 0.0296875 0.021875
5 0.31640625 0.3828125 0.0234375 0.0171875
5 0.33046875 0.4078125 0.0234375 0.0203125
5 0.3578125 0.26953125 0.0234375 0.0234375
5 0.615625 0.184375 0.0265625 0.0265625
5 0.5828125 0.60078125 0.0234375 0.01875
5 0.72109375 0.6640625 0.0203125 0.0171875
5 0.7359375 0.75234375 0.0234375 0.0203125
5 0.6828125 0.84609375 0.028125 0.0234375
5 0.62421875 0.86328125 0.0203125 0.01875
5 0.7625 0.84765625 0.01875 0.0203125
5 0.803125 0.81875 0.021875 0.0265625
5 0.8390625 0.7921875 0.0203125 0.021875
5 0.69609375 0.73046875 0.01875 0.0171875
5 0.6828125 0.69296875 0.0125 0.0125
5 0.690625 0.7078125 0.0125 0.0109375
5 0.78203125 0.734375 0.015625 0.0140625
5 0.8203125 0.65390625 0.0203125 0.0203125
5 0.71640625 0.63515625 0.0171875 0.0171875
5 0.35859375 0.71953125 0.0125 0.0140625
5 0.3171875 0.6796875 0.0203125 0.0171875
5 0.3234375 0.63984375 0.015625 0.015625
5 0.1984375 0.65546875 0.015625 0.0140625
5 0.2765625 0.5140625 0.009375 0.0125
5 0.29296875 0.49765625 0.0109375 0.0125
5 0.30859375 0.50234375 0.009375 0.0125
5 0.29140625 0.58828125 0.015625 0.0140625
5 0.371875 0.52109375 0.0125 0.0125