5 0.13359375 0.62109375 0.0421875 0.0421875
5 0.18671875 0.58671875 0.0296875 0.03125
5 0.396875 0.121875 0.0328125 0.0375
5 0.26015625 0.565625 0.0203125 0.021875
5 0.6171875 0.2328125 0.03125 0.034375
5 0.29765625 0.56328125 0.0234375 0.0234375
5 0.88203125 0.48046875 0.025 0.0265625
5 0.93359375 0.37109375 0.034375 0.03125
5 0.61328125 0.5640625 0.0234375 0.0234375
5 0.61015625 0.64296875 0.021875 0.0234375
5 0.4171875 0.4984375 0.021875 0.0171875
5 0.415625 0.5125 0.01875 0.0171875
5 0.34296875 0.33125 0.0203125 0.0203125