5 0.3984375 0.29921875 0.03203125 0.021875
5 0.30234375 0.32109375 0.02109375 0.021875
5 0.371875 0.415625 0.0375 0.02421875
5 0.240625 0.42890625 0.03203125 0.021875
5 0.2125 0.48828125 0.01875 0.01953125
5 0.1765625 0.53359375 0.0265625 0.02421875
5 0.30078125 0.53828125 0.02421875 0.03828125
5 0.45859375 0.5421875 0.0296875 0.021875
3 0.59921875 0.5890625 0.03203125 0.01953125
5 0.25703125 0.6453125 0.02109375 0.021875
1 0.325 0.73671875 0.02421875 0.0265625
1 0.36796875 0.74375 0.03984375 0.0359375
1 0.15234375 0.75390625 0.05859375 0.040625
1 0.5390625 0.2140625 0.071875 0.0625
5 0.51484375 0.26953125 0.02421875 0.01953125