5 0.525 0.48828125 0.0359375 0.0328125
5 0.52890625 0.5609375 0.028125 0.028125
5 0.453125 0.56328125 0.0265625 0.01875
5 0.4375 0.596875 0.021875 0.021875
5 0.3921875 0.603125 0.028125 0.028125
5 0.51484375 0.44921875 0.040625 0.0390625
5 0.51796875 0.528125 0.021875 0.021875
5 0.4890625 0.5234375 0.021875 0.025
5 0.3875 0.52578125 0.021875 0.021875
5 0.4359375 0.5234375 0.0125 0.0140625
5 0.4203125 0.5578125 0.0140625 0.0140625
5 0.3828125 0.4328125 0.0203125 0.01875
5 0.43203125 0.3625 0.025 0.0203125
5 0.5328125 0.4109375 0.0234375 0.01875
5 0.59765625 0.49609375 0.021875 0.0203125
5 0.62578125 0.5515625 0.0265625 0.034375
5 0.3796875 0.0890625 0.028125 0.025
5 0.453125 0.47421875 0.0203125 0.01875
5 0.30859375 0.53984375 0.021875 0.021875