3 0.81015625 0.32421875 0.01953125 0.03984375
4 0.74609375 0.35859375 0.0171875 0.04375
4 0.703125 0.35859375 0.0265625 0.02890625
4 0.665625 0.36953125 0.02421875 0.0359375
4 0.5265625 0.41875 0.02421875 0.025
4 0.4890625 0.4203125 0.021875 0.02890625
4 0.77734375 0.44765625 0.0265625 0.0328125
4 0.62265625 0.453125 0.02421875 0.0359375
4 0.47265625 0.46015625 0.021875 0.02890625
4 0.56875 0.4890625 0.0265625 0.0359375
4 0.7125 0.49296875 0.021875 0.0359375
4 0.53828125 0.50546875 0.02421875 0.025
4 0.69921875 0.53046875 0.02421875 0.03984375
4 0.6765625 0.5328125 0.021875 0.02890625
4 0.58046875 0.54921875 0.0265625 0.025
4 0.48203125 0.546875 0.021875 0.02890625
4 0.53828125 0.56328125 0.01953125 0.0328125
4 0.55546875 0.56328125 0.02421875 0.046875
4 0.73671875 0.57265625 0.0171875 0.02890625
4 0.6515625 0.57578125 0.03359375 0.04375
4 0.50625 0.590625 0.0265625 0.02890625
3 0.28515625 0.5921875 0.0265625 0.046875
4 0.31640625 0.59453125 0.0171875 0.02890625
4 0.65 0.63984375 0.0265625 0.025
4 0.19609375 0.65 0.021875 0.0328125
4 0.6859375 0.65 0.021875 0.0328125
4 0.6609375 0.69921875 0.01953125 0.02890625
4 0.2390625 0.703125 0.0171875 0.02890625