5 0.27109375 0.4953125 0.0453125 0.0453125
5 0.32265625 0.603125 0.03125 0.0359375
5 0.5203125 0.1921875 0.025 0.0328125
5 0.3125 0.67265625 0.0203125 0.021875
5 0.4359375 0.59296875 0.0171875 0.0234375
5 0.52109375 0.51328125 0.01875 0.0203125
5 0.57578125 0.503125 0.0234375 0.01875
5 0.5328125 0.45703125 0.01875 0.01875
5 0.5421875 0.6171875 0.0171875 0.0171875
5 0.63515625 0.49453125 0.015625 0.0171875
5 0.590625 0.45703125 0.0203125 0.0171875
5 0.4765625 0.50546875 0.01875 0.0203125
5 0.38125 0.33515625 0.0203125 0.0171875