0 0.6578125 0.35234375 0.1 0.0984375
4 0.40859375 0.41953125 0.08359375 0.06015625
0 0.1171875 0.459375 0.10625 0.0765625
4 0.34765625 0.5375 0.103125 0.06015625
4 0.55 0.58203125 0.115625 0.09140625
4 0.1203125 0.60234375 0.1 0.0796875
4 0.28125 0.61796875 0.08046875 0.0671875
4 0.103125 0.678125 0.08359375 0.0765625
4 0.4890625 0.7046875 0.08984375 0.0578125
0 0.41640625 0.73828125 0.1 0.0671875
0 0.48046875 0.146875 0.12578125 0.1109375
3 0.23828125 0.24609375 0.121875 0.0984375
4 0.3859375 0.31953125 0.07734375 0.053125
4 0.26328125 0.3375 0.115625 0.0984375