5 0.2421875 0.290625 0.02421875 0.01953125
4 0.23515625 0.2953125 0.03203125 0.02421875
4 0.7140625 0.5734375 0.0265625 0.0265625
4 0.40390625 0.7125 0.0265625 0.021875
3 0.28203125 0.7125 0.03984375 0.040625
4 0.7296875 0.71640625 0.04296875 0.03359375
4 0.3359375 0.7765625 0.0296875 0.02421875
4 0.4171875 0.77890625 0.02109375 0.01953125
4 0.35546875 0.8109375 0.02109375 0.021875
4 0.36484375 0.8296875 0.01875 0.01953125
4 0.70703125 0.84375 0.034375 0.02890625
4 0.31015625 0.84609375 0.02109375 0.01953125
4 0.66015625 0.89765625 0.0265625 0.021875
4 0.4640625 0.921875 0.034375 0.0265625
4 0.5171875 0.93984375 0.02421875 0.01953125
4 0.428125 0.97109375 0.02109375 0.01953125
4 0.4328125 0.1140625 0.0265625 0.021875
4 0.45625 0.125 0.034375 0.02890625
5 0.42890625 0.1546875 0.01875 0.01171875
5 0.45625 0.15625 0.02421875 0.01953125
4 0.59765625 0.1625 0.0296875 0.0265625
4 0.3609375 0.19609375 0.04296875 0.03125
5 0.45703125 0.20078125 0.02109375 0.01171875
5 0.44140625 0.203125 0.0109375 0.01171875
5 0.50703125 0.2046875 0.01328125 0.0140625
5 0.48828125 0.20546875 0.01328125 0.01171875
5 0.44921875 0.2171875 0.01640625 0.01171875
5 0.47421875 0.2234375 0.01328125 0.0140625
5 0.51640625 0.22578125 0.01640625 0.0140625
5 0.3890625 0.2296875 0.01875 0.0171875
5 0.528125 0.2328125 0.01875 0.01953125
5 0.4421875 0.240625 0.01875 0.0140625
5 0.47578125 0.24140625 0.02109375 0.0171875
5 0.465625 0.25390625 0.01640625 0.01171875
5 0.45625 0.25859375 0.01328125 0.01171875
5 0.3890625 0.26171875 0.01875 0.0140625
5 0.4921875 0.26171875 0.02109375 0.01953125
5 0.35703125 0.2703125 0.01875 0.0171875