1 0.66328125 0.5984375 0.0265625 0.02421875
1 0.48515625 0.6109375 0.02421875 0.01953125
1 0.70078125 0.6421875 0.02109375 0.01953125
0 0.5296875 0.66796875 0.01640625 0.0140625
1 0.72421875 0.68125 0.02109375 0.021875
1 0.5921875 0.6859375 0.01875 0.0171875
1 0.57890625 0.69140625 0.01875 0.021875
1 0.5578125 0.7015625 0.0296875 0.02421875
1 0.609375 0.7296875 0.03203125 0.021875
1 0.64453125 0.74140625 0.0375 0.0265625
1 0.58984375 0.8234375 0.02421875 0.0171875
1 0.5625 0.8328125 0.0296875 0.021875