1 0.80078125 0.6109375 0.0296875 0.04296875
1 0.80859375 0.67578125 0.0296875 0.03359375
1 0.78359375 0.68046875 0.0265625 0.02421875
1 0.6859375 0.696875 0.034375 0.03359375
1 0.7109375 0.70546875 0.0265625 0.0265625
1 0.81015625 0.70703125 0.0265625 0.02421875
1 0.85546875 0.7171875 0.02109375 0.021875
1 0.8796875 0.72578125 0.0265625 0.02421875
1 0.67890625 0.7953125 0.04296875 0.02890625
1 0.68984375 0.81875 0.0265625 0.021875
1 0.73828125 0.82109375 0.04296875 0.03125
1 0.69765625 0.834375 0.04296875 0.02421875