0 0.39296875 0.48046875 0.0265625 0.01953125
0 0.35390625 0.60546875 0.0296875 0.02890625
0 0.62578125 0.63828125 0.01640625 0.0171875
0 0.60703125 0.66484375 0.0265625 0.021875
0 0.50390625 0.6734375 0.034375 0.02890625
0 0.3359375 0.67421875 0.034375 0.0265625
0 0.27421875 0.7390625 0.0296875 0.021875
0 0.34765625 0.7609375 0.05859375 0.040625
0 0.25546875 0.76171875 0.01875 0.02421875
0 0.46796875 0.7640625 0.0265625 0.02890625
0 0.54375 0.78515625 0.034375 0.0265625
0 0.27421875 0.7859375 0.02421875 0.01953125
0 0.4234375 0.796875 0.034375 0.03125
0 0.6953125 0.953125 0.0265625 0.03125
0 0.684375 0.9859375 0.03203125 0.02421875