1 0.4609375 0.6109375 0.05625 0.02890625
1 0.65078125 0.615625 0.034375 0.03828125
1 0.7015625 0.6265625 0.0453125 0.0359375
1 0.48515625 0.64921875 0.034375 0.0578125
1 0.45078125 0.65625 0.05078125 0.03359375
1 0.67265625 0.678125 0.0296875 0.02890625
1 0.64609375 0.68984375 0.0296875 0.03359375
1 0.69375 0.68984375 0.02421875 0.02421875
1 0.44140625 0.69375 0.05859375 0.0453125
1 0.53359375 0.70703125 0.09375 0.053125
1 0.73828125 0.72734375 0.0375 0.0359375
1 0.7703125 0.73046875 0.0375 0.04296875
1 0.54140625 0.80390625 0.03984375 0.03125
1 0.60390625 0.8234375 0.0484375 0.0453125
1 0.565625 0.84609375 0.0453125 0.02890625
1 0.58984375 0.88203125 0.03984375 0.02421875
1 0.57890625 0.9078125 0.0296875 0.03125
1 0.3609375 0.19609375 0.0484375 0.0453125