1 0.16953125 0.55078125 0.0296875 0.01953125
1 0.28203125 0.5640625 0.034375 0.03125
1 0.15390625 0.56484375 0.0296875 0.02421875
1 0.20078125 0.5921875 0.0375 0.0265625
1 0.4171875 0.6140625 0.03203125 0.03125
1 0.1375 0.61875 0.0296875 0.021875
1 0.11328125 0.634375 0.02421875 0.02421875
1 0.178125 0.64296875 0.0296875 0.021875
1 0.22734375 0.65 0.04296875 0.0453125
1 0.3625 0.66015625 0.0296875 0.03125
1 0.2703125 0.6921875 0.0375 0.0484375
1 0.18046875 0.7171875 0.05078125 0.0359375
1 0.41328125 0.7203125 0.03984375 0.03125
1 0.22421875 0.7296875 0.04296875 0.03125
1 0.303125 0.740625 0.0296875 0.02421875
1 0.20625 0.7484375 0.0375 0.03125
1 0.2890625 0.78125 0.03203125 0.02421875
1 0.3171875 0.81875 0.034375 0.0359375
1 0.315625 0.8796875 0.03203125 0.02421875
4 0.5578125 0.9203125 0.034375 0.02421875
4 0.59765625 0.21015625 0.034375 0.03125