3 0.5859375 0.7125 0.03203125 0.0265625
3 0.61796875 0.728125 0.03203125 0.02421875
5 0.64140625 0.73828125 0.02109375 0.0140625
3 0.5765625 0.75625 0.0296875 0.021875
3 0.7203125 0.75703125 0.034375 0.02421875
5 0.65546875 0.77265625 0.01640625 0.0171875
5 0.696875 0.775 0.01875 0.01171875
5 0.65390625 0.7875 0.01875 0.01171875
5 0.58984375 0.78828125 0.01875 0.0140625
5 0.59609375 0.8015625 0.02109375 0.01171875
3 0.61640625 0.83984375 0.03984375 0.0265625
3 0.4171875 0.89921875 0.0375 0.02421875
3 0.52265625 0.23828125 0.03984375 0.03359375