3 0.53125 0.16953125 0.071875 0.08984375
0 0.4859375 0.22734375 0.053125 0.0578125
0 0.68046875 0.34453125 0.04296875 0.0671875
0 0.740625 0.34921875 0.04296875 0.0578125
0 0.44453125 0.48203125 0.053125 0.0609375
2 0.3578125 0.5140625 0.10546875 0.125
0 0.65390625 0.52890625 0.053125 0.0515625
0 0.52421875 0.58671875 0.0625 0.04453125
4 0.5296875 0.621875 0.0265625 0.02578125
4 0.51953125 0.64921875 0.01953125 0.02265625
4 0.65234375 0.65859375 0.03125 0.03515625
4 0.36640625 0.6984375 0.021875 0.02578125
4 0.615625 0.7015625 0.01953125 0.02578125
4 0.709375 0.70703125 0.04296875 0.0484375
4 0.68359375 0.70859375 0.0171875 0.02578125
4 0.46484375 0.71796875 0.0265625 0.04453125
4 0.66015625 0.72578125 0.03125 0.02890625
4 0.6453125 0.7390625 0.021875 0.02890625
4 0.50703125 0.78828125 0.01953125 0.02578125
4 0.51953125 0.79609375 0.0140625 0.02265625