5 0.44765625 0.08828125 0.0484375 0.04375
5 0.659375 0.20859375 0.053125 0.0453125
5 0.6484375 0.38984375 0.0328125 0.03125
5 0.92109375 0.39375 0.0484375 0.04375
5 0.796875 0.1875 0.05 0.040625
5 0.22265625 0.6703125 0.0375 0.034375
5 0.15546875 0.7171875 0.0359375 0.034375
5 0.46640625 0.36953125 0.0265625 0.0265625
5 0.3328125 0.3140625 0.0296875 0.0265625
5 0.66171875 0.7484375 0.028125 0.0359375
5 0.61015625 0.76640625 0.0296875 0.0328125
5 0.5640625 0.7453125 0.015625 0.0203125
5 0.6046875 0.7375 0.0234375 0.028125
5 0.6546875 0.77890625 0.01875 0.01875
5 0.7140625 0.70625 0.0296875 0.0296875
5 0.634375 0.65390625 0.0328125 0.028125
5 0.78515625 0.37578125 0.0265625 0.0296875
5 0.81796875 0.278125 0.0234375 0.028125
5 0.425 0.653125 0.0296875 0.025
5 0.46171875 0.67265625 0.01875 0.021875