3 0.4078125 0.31953125 0.034375 0.02421875
1 0.415625 0.3421875 0.03984375 0.021875
3 0.41953125 0.390625 0.0265625 0.0359375
3 0.471875 0.4375 0.01875 0.01953125
3 0.509375 0.54296875 0.02421875 0.02890625
3 0.61796875 0.6109375 0.0265625 0.02421875
3 0.565625 0.6609375 0.02421875 0.03359375
1 0.71640625 0.671875 0.03203125 0.021875
3 0.63515625 0.6828125 0.034375 0.01953125
3 0.54375 0.709375 0.01328125 0.0140625
3 0.5734375 0.71484375 0.0296875 0.0265625
1 0.80859375 0.71484375 0.02421875 0.03125
1 0.7203125 0.71875 0.02421875 0.02421875
1 0.77109375 0.72109375 0.01875 0.0140625