5 0.8703125 0.484375 0.03125 0.0265625
5 0.8640625 0.5578125 0.0296875 0.0296875
5 0.70234375 0.29375 0.03125 0.0328125
5 0.69375 0.346875 0.028125 0.0234375
5 0.6828125 0.38125 0.0234375 0.028125
5 0.73515625 0.43125 0.025 0.021875
5 0.80625 0.48671875 0.0265625 0.03125
5 0.6234375 0.38828125 0.021875 0.021875
5 0.6515625 0.3515625 0.021875 0.021875
5 0.64140625 0.2453125 0.021875 0.0234375
5 0.81953125 0.39296875 0.0203125 0.01875
5 0.78359375 0.409375 0.0234375 0.0234375
5 0.74375 0.4046875 0.025 0.0234375
5 0.71875 0.36484375 0.0234375 0.025
5 0.53046875 0.5375 0.028125 0.0203125
5 0.73671875 0.290625 0.0203125 0.025
5 0.65078125 0.3125 0.021875 0.025
5 0.525 0.340625 0.021875 0.0234375
5 0.7515625 0.5 0.0296875 0.0296875
5 0.74375 0.36171875 0.01875 0.0203125
5 0.75625 0.3890625 0.01875 0.021875
5 0.79140625 0.3828125 0.021875 0.01875
5 0.4921875 0.68046875 0.028125 0.0234375
5 0.45078125 0.61171875 0.021875 0.01875
5 0.44765625 0.65078125 0.01875 0.0203125
5 0.615625 0.27890625 0.0203125 0.021875
5 0.61484375 0.30859375 0.021875 0.021875
5 0.5953125 0.20859375 0.01875 0.021875