5 0.6 0.30078125 0.01875 0.0140625
5 0.50390625 0.3328125 0.02421875 0.021875
5 0.64140625 0.33671875 0.0265625 0.0140625
4 0.571875 0.35 0.03203125 0.021875
5 0.66875 0.5578125 0.01640625 0.01953125
5 0.73515625 0.5578125 0.0265625 0.01953125
5 0.64140625 0.6609375 0.03203125 0.02421875
5 0.66953125 0.6890625 0.0296875 0.021875
5 0.58984375 0.69140625 0.02421875 0.0265625
5 0.6578125 0.80078125 0.03203125 0.01953125
5 0.41015625 0.9265625 0.0296875 0.0265625
5 0.45703125 0.9421875 0.0265625 0.01953125
5 0.52421875 0.2359375 0.0265625 0.02421875
5 0.58984375 0.25703125 0.02421875 0.02421875
5 0.48671875 0.2796875 0.02109375 0.021875
5 0.35390625 0.28125 0.0296875 0.01953125