5 0.65078125 0.36875 0.01328125 0.021875
5 0.62265625 0.37265625 0.0109375 0.02421875
3 0.30078125 0.4109375 0.01875 0.02421875
5 0.696875 0.4109375 0.01328125 0.01953125
5 0.66953125 0.459375 0.01875 0.02421875
5 0.55234375 0.4703125 0.02421875 0.0265625
5 0.61640625 0.49375 0.02421875 0.021875
5 0.55234375 0.553125 0.071875 0.03828125
5 0.71796875 0.578125 0.01875 0.021875
5 0.59765625 0.6578125 0.0296875 0.021875
5 0.56796875 0.67578125 0.01875 0.01953125
5 0.5203125 0.68125 0.01328125 0.0265625
5 0.603125 0.7484375 0.01875 0.021875
5 0.48671875 0.803125 0.0265625 0.02890625
3 0.41953125 0.83203125 0.0375 0.02421875
5 0.571875 0.834375 0.01640625 0.0140625
5 0.51640625 0.8578125 0.01640625 0.01953125
5 0.490625 0.86640625 0.02421875 0.0171875
5 0.45625 0.125 0.01875 0.02421875
5 0.50703125 0.1390625 0.01875 0.01953125
5 0.4703125 0.2015625 0.02109375 0.0140625
5 0.68984375 0.2234375 0.0265625 0.02421875
5 0.565625 0.25 0.01875 0.0140625
5 0.73125 0.259375 0.0296875 0.02890625
5 0.675 0.27734375 0.01875 0.0265625