5 0.50546875 0.30078125 0.01640625 0.01953125
5 0.759375 0.328125 0.01640625 0.0265625
5 0.4609375 0.40390625 0.01875 0.02890625
5 0.43203125 0.46015625 0.01875 0.0265625
5 0.65625 0.57109375 0.02421875 0.0171875
5 0.7046875 0.57578125 0.02421875 0.0171875
5 0.72421875 0.58515625 0.01640625 0.0171875
5 0.6765625 0.6046875 0.0265625 0.021875
5 0.55234375 0.725 0.02421875 0.0265625
5 0.6125 0.73046875 0.0265625 0.02421875
5 0.53203125 0.75 0.03203125 0.02890625
5 0.434375 0.1734375 0.01875 0.02421875
5 0.48828125 0.19140625 0.02421875 0.021875
5 0.528125 0.1984375 0.034375 0.0171875
5 0.37421875 0.21484375 0.02109375 0.0265625
5 0.58984375 0.23203125 0.01328125 0.0171875
5 0.63359375 0.2609375 0.0265625 0.0171875
5 0.80859375 0.2875 0.02421875 0.0171875