3 0.62734375 0.3109375 0.034375 0.0359375
0 0.57734375 0.65 0.03203125 0.0265625
0 0.75546875 0.6875 0.0296875 0.02890625
0 0.796875 0.6875 0.0375 0.02890625
0 0.684375 0.6984375 0.0375 0.03125
0 0.7109375 0.8015625 0.0375 0.03125
0 0.7140625 0.88828125 0.03203125 0.03125
0 0.62578125 0.89921875 0.0265625 0.02421875
3 0.51171875 0.15234375 0.0453125 0.0359375
3 0.659375 0.2296875 0.0453125 0.05078125
3 0.4828125 0.2328125 0.0453125 0.04296875
3 0.553125 0.2453125 0.053125 0.053125
3 0.6 0.2640625 0.03984375 0.0484375
4 0.4421875 0.27265625 0.034375 0.0359375