5 0.475 0.6125 0.034375 0.034375
5 0.57109375 0.77265625 0.040625 0.040625
5 0.6359375 0.76171875 0.0328125 0.034375
5 0.290625 0.6375 0.0328125 0.03125
5 0.29765625 0.578125 0.03125 0.025
5 0.73359375 0.35 0.0375 0.034375
5 0.540625 0.8203125 0.040625 0.034375
5 0.4921875 0.79140625 0.0328125 0.025
5 0.38203125 0.846875 0.025 0.025
5 0.1734375 0.78359375 0.028125 0.025
5 0.31171875 0.76875 0.025 0.03125
5 0.3203125 0.80859375 0.021875 0.0171875
5 0.77421875 0.775 0.028125 0.028125
5 0.29921875 0.34765625 0.0265625 0.028125