5 0.484375 0.259375 0.046875 0.05625
5 0.35234375 0.390625 0.0546875 0.0453125
5 0.25546875 0.4203125 0.05625 0.0546875
5 0.7828125 0.25625 0.0484375 0.0453125
5 0.83125 0.33828125 0.05 0.0421875
5 0.46171875 0.375 0.0453125 0.0421875
5 0.3015625 0.60390625 0.0390625 0.0390625
5 0.22734375 0.5015625 0.0453125 0.0484375
5 0.1359375 0.30703125 0.0359375 0.0421875
5 0.0671875 0.328125 0.0421875 0.0421875
5 0.21328125 0.39375 0.0390625 0.0390625
5 0.22734375 0.33046875 0.0453125 0.0421875
5 0.2234375 0.19921875 0.0375 0.034375
5 0.175 0.21484375 0.0390625 0.0421875
5 0.275 0.3484375 0.0421875 0.046875