5 0.44375 0.70546875 0.0234375 0.0234375
5 0.446875 0.6 0.025 0.0265625
5 0.58203125 0.75546875 0.021875 0.0203125
5 0.59375 0.640625 0.0234375 0.0234375
5 0.60390625 0.60390625 0.0234375 0.0203125
5 0.35703125 0.75625 0.0234375 0.0234375
5 0.40703125 0.7640625 0.0234375 0.0203125
5 0.471875 0.75625 0.0234375 0.0203125
5 0.45390625 0.7921875 0.0203125 0.01875
5 0.434375 0.646875 0.0265625 0.025
5 0.6296875 0.3515625 0.0234375 0.0203125
5 0.5859375 0.80390625 0.0265625 0.0265625
5 0.58203125 0.925 0.0171875 0.0234375
5 0.61953125 0.815625 0.0234375 0.0234375
5 0.53203125 0.65546875 0.0234375 0.0234375
5 0.52265625 0.56171875 0.0265625 0.025
5 0.4796875 0.65390625 0.028125 0.028125
5 0.4359375 0.53828125 0.021875 0.025
5 0.328125 0.69140625 0.0234375 0.0296875
5 0.70625 0.48515625 0.028125 0.028125
5 0.803125 0.3859375 0.0234375 0.01875