1 0.2015625 0.6109375 0.0296875 0.04296875
1 0.19375 0.67578125 0.0296875 0.03359375
1 0.21640625 0.68046875 0.0265625 0.02421875
1 0.3171875 0.696875 0.034375 0.03359375
1 0.2890625 0.70546875 0.0265625 0.0265625
1 0.18984375 0.70703125 0.0265625 0.02421875
1 0.14453125 0.7171875 0.02109375 0.021875
1 0.1203125 0.72578125 0.0265625 0.02421875
1 0.32109375 0.7953125 0.04296875 0.02890625
1 0.31015625 0.81875 0.0265625 0.021875
1 0.26171875 0.82109375 0.04296875 0.03125
1 0.30234375 0.834375 0.04296875 0.02421875