5 0.28671875 0.4953125 0.025 0.025
5 0.390625 0.47265625 0.028125 0.025
5 0.271875 0.64140625 0.021875 0.0234375
5 0.38671875 0.625 0.025 0.025
5 0.42421875 0.62578125 0.021875 0.025
5 0.2171875 0.42265625 0.025 0.025
5 0.22109375 0.4734375 0.021875 0.025
5 0.24453125 0.534375 0.021875 0.025
5 0.20546875 0.52578125 0.0203125 0.0203125
5 0.34140625 0.471875 0.025 0.028125
5 0.675 0.58984375 0.021875 0.025
5 0.2265625 0.65703125 0.0265625 0.028125
5 0.1078125 0.68203125 0.0234375 0.01875
5 0.22265625 0.6921875 0.025 0.025
5 0.35703125 0.56875 0.025 0.025
5 0.4453125 0.53671875 0.025 0.028125
5 0.3453125 0.51796875 0.028125 0.028125
5 0.44765625 0.44765625 0.0265625 0.0234375
5 0.27265625 0.3796875 0.03125 0.0234375
5 0.56484375 0.696875 0.028125 0.028125
5 0.684375 0.7671875 0.0203125 0.0234375