3 0.41640625 0.29453125 0.175 0.06484375
3 0.6453125 0.3125 0.0765625 0.0578125
3 0.56640625 0.396875 0.0984375 0.0625
3 0.7265625 0.41953125 0.11953125 0.0453125
3 0.6578125 0.4359375 0.06015625 0.040625
3 0.41640625 0.44609375 0.10703125 0.07421875
3 0.8140625 0.478125 0.08125 0.04296875
3 0.4640625 0.5453125 0.0640625 0.0484375
3 0.27109375 0.546875 0.14921875 0.0796875
3 0.5109375 0.56484375 0.08984375 0.053125
3 0.37578125 0.63671875 0.09375 0.04296875
3 0.296875 0.65859375 0.08125 0.0625
3 0.41015625 0.6984375 0.128125 0.06484375