4 0.27578125 0.303125 0.0265625 0.0140625
4 0.65078125 0.66015625 0.03984375 0.0265625
4 0.36484375 0.6734375 0.0296875 0.02421875
4 0.2484375 0.6828125 0.0265625 0.02421875
4 0.4421875 0.928125 0.01328125 0.01953125
4 0.4609375 0.93125 0.01875 0.01171875
4 0.553125 0.946875 0.02109375 0.0140625
5 0.428125 0.18046875 0.0265625 0.01953125
5 0.465625 0.20078125 0.01640625 0.01171875
5 0.50546875 0.2203125 0.02109375 0.01171875
5 0.4359375 0.228125 0.02109375 0.0140625
5 0.446875 0.259375 0.02109375 0.009375