5 0.29140625 0.68984375 0.0296875 0.0265625
5 0.3578125 0.66015625 0.03125 0.034375
5 0.37265625 0.68203125 0.0296875 0.0328125
5 0.4515625 0.73828125 0.028125 0.034375
5 0.41171875 0.78359375 0.0265625 0.0265625
5 0.3421875 0.79453125 0.0296875 0.0296875
5 0.40078125 0.58984375 0.0265625 0.0296875
5 0.54921875 0.65625 0.0359375 0.03125
5 0.625 0.68203125 0.0375 0.0375
5 0.53984375 0.86796875 0.0265625 0.028125
5 0.546875 0.77734375 0.0265625 0.03125
5 0.5734375 0.81484375 0.0265625 0.0328125
5 0.228125 0.4765625 0.0265625 0.0328125
5 0.18984375 0.9328125 0.0296875 0.0265625
5 0.27109375 0.88125 0.0359375 0.03125
5 0.2828125 0.78046875 0.025 0.0296875
5 0.86171875 0.0140625 0.0265625 0.028125
5 0.55859375 0.21015625 0.025 0.028125
5 0.57578125 0.23203125 0.0015625 0.003125