5 0.63203125 0.3109375 0.01875 0.0171875
1 0.303125 0.484375 0.034375 0.0265625
5 0.409375 0.0484375 0.01640625 0.0140625
1 0.24453125 0.5015625 0.02421875 0.021875
5 0.38359375 0.0484375 0.01875 0.0140625
5 0.453125 0.0515625 0.01875 0.01171875
1 0.40625 0.571875 0.03203125 0.02890625
5 0.45703125 0.0671875 0.01640625 0.009375
5 0.4375 0.071875 0.01875 0.009375
5 0.39296875 0.071875 0.0109375 0.0140625
5 0.37578125 0.07578125 0.01328125 0.01171875
5 0.34765625 0.0828125 0.01640625 0.0171875
5 0.425 0.084375 0.01640625 0.009375
5 0.47421875 0.08671875 0.0296875 0.01953125
5 0.52265625 0.08984375 0.02421875 0.0171875
5 0.30078125 0.09765625 0.02421875 0.0171875
5 0.340625 0.0984375 0.02421875 0.01953125
5 0.51484375 0.109375 0.02421875 0.0171875