1 0.46015625 0.31875 0.03203125 0.03125
4 0.1828125 0.3703125 0.0296875 0.01953125
5 0.51640625 0.53828125 0.02109375 0.01953125
0 0.4171875 0.634375 0.03203125 0.02421875
5 0.33984375 0.6703125 0.03203125 0.02421875
1 0.11640625 0.67421875 0.0296875 0.021875
1 0.17265625 0.69375 0.02421875 0.0171875
1 0.13359375 0.69375 0.03203125 0.0265625
1 0.1578125 0.70078125 0.03203125 0.021875
5 0.48515625 0.728125 0.01875 0.0140625
3 0.16875 0.75234375 0.0265625 0.02421875
5 0.44375 0.88828125 0.02109375 0.0171875
4 0.31796875 0.91484375 0.03203125 0.0265625
1 0.29375 0.265625 0.03203125 0.0265625
1 0.378125 0.2765625 0.034375 0.03359375