1 0.175 0.4328125 0.05078125 0.0484375
1 0.25390625 0.5109375 0.04296875 0.05546875
1 0.19140625 0.5171875 0.07734375 0.10546875
1 0.34609375 0.521875 0.05078125 0.0484375
1 0.2609375 0.57421875 0.06171875 0.0484375
1 0.1484375 0.584375 0.05078125 0.03359375
1 0.39609375 0.6046875 0.075 0.084375
3 0.33828125 0.634375 0.0453125 0.03828125
1 0.44765625 0.67421875 0.06171875 0.07421875
1 0.20703125 0.67578125 0.0828125 0.08671875
1 0.3796875 0.67890625 0.06953125 0.06015625
1 0.29375 0.69140625 0.09609375 0.06015625
1 0.59921875 0.71015625 0.0484375 0.0265625
1 0.25546875 0.7609375 0.071875 0.06953125
1 0.3265625 0.78984375 0.05859375 0.05546875