5 0.85625 0.5265625 0.0265625 0.021875
5 0.9078125 0.41640625 0.028125 0.0328125
5 0.76328125 0.51875 0.03125 0.028125
5 0.90703125 0.62890625 0.0265625 0.0234375
5 0.9390625 0.65390625 0.0234375 0.0234375
5 0.99453125 0.83828125 0.0109375 0.0265625
5 0.44453125 0.6140625 0.025 0.0265625
5 0.53125 0.5046875 0.0171875 0.0203125
5 0.384375 0.54453125 0.028125 0.028125
5 0.3890625 0.51328125 0.028125 0.025
5 0.753125 0.84765625 0.0171875 0.021875
5 0.215625 0.56484375 0.0234375 0.025
5 0.33046875 0.52734375 0.0234375 0.01875
5 0.3109375 0.7109375 0.0296875 0.025
5 0.65234375 0.20703125 0.0265625 0.025
5 0.52890625 0.24765625 0.0265625 0.0234375
5 0.4765625 0.22421875 0.01875 0.0171875
5 0.53125 0.41796875 0.025 0.0296875