1 0.2984375 0.353125 0.02421875 0.046875
1 0.3109375 0.4765625 0.021875 0.0546875
1 0.30390625 0.5453125 0.05078125 0.06875
1 0.4078125 0.57578125 0.0265625 0.04375
1 0.38203125 0.6 0.01953125 0.03984375
1 0.234375 0.634375 0.021875 0.0359375
1 0.415625 0.6359375 0.0140625 0.03984375
1 0.38125 0.6375 0.0265625 0.02890625
1 0.35546875 0.703125 0.04296875 0.06484375
1 0.32578125 0.71015625 0.021875 0.0359375
1 0.4015625 0.7375 0.02890625 0.046875
1 0.3140625 0.771875 0.021875 0.02890625
1 0.3640625 0.796875 0.0265625 0.02890625
3 0.4578125 0.259375 0.0171875 0.03984375