5 0.4921875 0.3421875 0.0296875 0.0265625
5 0.753125 0.27421875 0.028125 0.0234375
5 0.69765625 0.2390625 0.0296875 0.0265625
5 0.58203125 0.48984375 0.01875 0.0171875
5 0.41796875 0.290625 0.021875 0.021875
5 0.7015625 0.15078125 0.025 0.0234375
5 0.4484375 0.521875 0.01875 0.0171875
5 0.35546875 0.15 0.021875 0.0203125
5 0.2375 0.3734375 0.015625 0.0140625
5 0.91171875 0.29765625 0.025 0.0234375
5 0.35859375 0.77734375 0.0234375 0.0265625
5 0.3875 0.58671875 0.015625 0.0125
5 0.42734375 0.5828125 0.0171875 0.0140625