5 0.5046875 0.85703125 0.0234375 0.028125
5 0.61875 0.8984375 0.034375 0.0296875
5 0.5046875 0.7640625 0.0296875 0.0328125
5 0.40703125 0.9171875 0.025 0.028125
5 0.384375 0.95078125 0.025 0.025
5 0.38125 0.4546875 0.028125 0.0265625
5 0.4984375 0.53125 0.021875 0.01875
5 0.44609375 0.3890625 0.0296875 0.0296875
5 0.47734375 0.390625 0.0265625 0.0296875
5 0.17578125 0.7828125 0.0234375 0.01875
5 0.4109375 0.221875 0.0265625 0.0265625
5 0.4578125 0.33359375 0.0203125 0.025
5 0.2734375 0.3296875 0.0265625 0.03125
5 0.80546875 0.62578125 0.0265625 0.028125
5 0.75390625 0.50703125 0.025 0.028125
5 0.77265625 0.45234375 0.01875 0.0203125
5 0.584375 0.52421875 0.03125 0.0265625