1 0.2234375 0.5671875 0.0296875 0.02890625
1 0.38359375 0.5828125 0.03984375 0.0359375
1 0.34375 0.68984375 0.0296875 0.02890625
1 0.26171875 0.7078125 0.0375 0.0359375
1 0.34921875 0.73203125 0.06171875 0.040625
3 0.278125 0.7390625 0.03203125 0.03125
1 0.3625 0.79921875 0.0296875 0.0359375
1 0.39296875 0.8078125 0.02109375 0.03359375
1 0.2953125 0.81015625 0.034375 0.03359375
1 0.27109375 0.859375 0.034375 0.0453125
1 0.303125 0.8609375 0.0296875 0.03359375
1 0.3890625 0.8609375 0.05078125 0.0625