5 0.4515625 0.28984375 0.01640625 0.01171875
5 0.321875 0.28828125 0.03984375 0.01953125
5 0.34609375 0.3109375 0.02421875 0.01171875
5 0.2390625 0.36171875 0.0296875 0.021875
5 0.21640625 0.4046875 0.0265625 0.021875
1 0.175 0.40859375 0.01875 0.009375
5 0.325 0.44375 0.01875 0.01171875
5 0.278125 0.4515625 0.01640625 0.0140625
5 0.196875 0.4703125 0.03984375 0.00703125
3 0.1828125 0.48828125 0.02421875 0.009375
1 0.16015625 0.5046875 0.03203125 0.01953125
5 0.24609375 0.56875 0.01640625 0.0171875
5 0.28203125 0.62890625 0.02421875 0.01171875
3 0.1859375 0.7953125 0.02421875 0.0140625