3 0.56953125 0.5546875 0.03359375 0.05078125
0 0.4484375 0.58125 0.03125 0.0546875
1 0.5453125 0.6125 0.03828125 0.0359375
1 0.5796875 0.68984375 0.04296875 0.06875
3 0.45078125 0.74609375 0.0265625 0.0578125
1 0.52890625 0.796875 0.02421875 0.0359375
1 0.48046875 0.81015625 0.02890625 0.0328125
1 0.5875 0.82421875 0.021875 0.046875
1 0.51796875 0.85703125 0.03125 0.046875
5 0.5203125 0.24609375 0.01171875 0.021875
5 0.4265625 0.2484375 0.0171875 0.01796875
5 0.48203125 0.2625 0.01171875 0.01796875
5 0.53828125 0.26640625 0.009375 0.01796875
5 0.52265625 0.26640625 0.01171875 0.01796875
5 0.50390625 0.2734375 0.0171875 0.025
5 0.47265625 0.29140625 0.0171875 0.025