4 0.146875 0.375 0.0375 0.02421875
4 0.25546875 0.38203125 0.03984375 0.02890625
5 0.2046875 0.40625 0.0296875 0.02421875
5 0.17265625 0.40625 0.0296875 0.01953125
5 0.1375 0.4125 0.02421875 0.021875
4 0.14609375 0.459375 0.03984375 0.02890625
1 0.43203125 0.584375 0.034375 0.02421875
1 0.378125 0.58984375 0.0453125 0.03125
5 0.31015625 0.61796875 0.03203125 0.02421875
3 0.35 0.62890625 0.04296875 0.040625
5 0.20859375 0.77734375 0.0265625 0.0265625
4 0.3984375 0.90625 0.0265625 0.02890625
4 0.37421875 0.91328125 0.0375 0.03359375