4 0.16015625 0.96640625 0.03125 0.02734375
4 0.07578125 0.9828125 0.040625 0.0296875
4 0.26328125 0.98359375 0.05078125 0.02734375
4 0.42421875 0.10859375 0.06015625 0.05234375
4 0.47265625 0.1859375 0.0453125 0.0421875
4 0.4234375 0.1875 0.04296875 0.03984375
4 0.28828125 0.18984375 0.0484375 0.025
4 0.5609375 0.1953125 0.0359375 0.0453125
4 0.31015625 0.2078125 0.053125 0.03515625
4 0.6203125 0.2109375 0.02890625 0.0375
4 0.35234375 0.2140625 0.06015625 0.0625
4 0.47265625 0.22734375 0.0453125 0.0453125
4 0.65234375 0.2734375 0.0453125 0.0578125
4 0.14921875 0.2796875 0.0484375 0.03984375
4 0.521875 0.29609375 0.0484375 0.05234375
4 0.41953125 0.2984375 0.0359375 0.05234375
4 0.44609375 0.3109375 0.040625 0.0375
4 0.31015625 0.3140625 0.0484375 0.04765625
4 0.3796875 0.33515625 0.0484375 0.03984375
4 0.62265625 0.3359375 0.04296875 0.0421875
4 0.1140625 0.34140625 0.06953125 0.05234375
4 0.19375 0.34140625 0.05078125 0.05234375
4 0.5421875 0.34609375 0.05078125 0.0421875
4 0.4671875 0.35 0.040625 0.0296875
4 0.03828125 0.35234375 0.04296875 0.03515625
4 0.265625 0.35859375 0.06484375 0.07734375
4 0.375 0.3640625 0.04296875 0.0421875
4 0.0875 0.3625 0.040625 0.03984375
4 0.2125 0.36640625 0.05078125 0.0421875
4 0.46875 0.3703125 0.03828125 0.03984375
4 0.1390625 0.37109375 0.03359375 0.0421875
4 0.4015625 0.37109375 0.053125 0.04765625
4 0.2125 0.37265625 0.084375 0.08984375
4 0.62265625 0.3828125 0.03828125 0.03984375
4 0.546875 0.38984375 0.05078125 0.03984375
4 0.3734375 0.3953125 0.05546875 0.03984375
4 0.353125 0.40234375 0.053125 0.03984375
4 0.3234375 0.41015625 0.0453125 0.05
4 0.43984375 0.42890625 0.04296875 0.0375
4 0.05859375 0.42734375 0.05546875 0.0546875
4 0.4203125 0.42890625 0.03359375 0.0375
4 0.6109375 0.4296875 0.0484375 0.03515625
4 0.1984375 0.4375 0.040625 0.03984375
4 0.1546875 0.44765625 0.0359375 0.05
4 0.3734375 0.4515625 0.0453125 0.0421875
4 0.5 0.45 0.03828125 0.05
4 0.53125 0.4625 0.02890625 0.0546875
4 0.290625 0.46875 0.04296875 0.05234375
4 0.484375 0.47109375 0.040625 0.0625
4 0.1828125 0.475 0.0484375 0.0546875
4 0.26796875 0.47890625 0.05078125 0.0421875
4 0.040625 0.47890625 0.0578125 0.0625
4 0.09140625 0.49140625 0.053125 0.0421875
4 0.4046875 0.4984375 0.0453125 0.05234375
4 0.2359375 0.5015625 0.0484375 0.0421875
4 0.359375 0.5046875 0.0453125 0.03984375
4 0.29921875 0.5078125 0.040625 0.03984375
4 0.13125 0.5109375 0.05546875 0.04765625
4 0.2234375 0.51875 0.03359375 0.0375
4 0.60546875 0.5203125 0.03828125 0.03984375
4 0.1734375 0.52890625 0.03828125 0.04765625
4 0.26796875 0.5296875 0.0359375 0.0296875
4 0.48671875 0.54140625 0.05078125 0.0375
4 0.52421875 0.5453125 0.0484375 0.03984375
4 0.046875 0.54609375 0.040625 0.0671875
4 0.3796875 0.55 0.04296875 0.0296875
4 0.21171875 0.55625 0.0484375 0.0375
4 0.56015625 0.5546875 0.04296875 0.03984375
4 0.446875 0.55859375 0.04296875 0.0375
4 0.3421875 0.55859375 0.0453125 0.0421875
4 0.2765625 0.5625 0.03828125 0.0453125
4 0.10546875 0.56484375 0.04296875 0.0546875
4 0.30625 0.58359375 0.0453125 0.0375
4 0.13203125 0.58515625 0.03828125 0.03515625
4 0.46875 0.60625 0.0484375 0.05234375
4 0.1703125 0.61015625 0.02890625 0.0296875
4 0.4015625 0.61640625 0.0484375 0.0375
4 0.4390625 0.62265625 0.05078125 0.03984375
4 0.0671875 0.6234375 0.03828125 0.0421875
4 0.234375 0.6234375 0.05078125 0.04765625
4 0.140625 0.6265625 0.0453125 0.0421875
4 0.4953125 0.6296875 0.02890625 0.03515625
4 0.16796875 0.6390625 0.03359375 0.0375
4 0.31640625 0.6421875 0.040625 0.03984375
4 0.09765625 0.6484375 0.03125 0.0328125
4 0.271875 0.65625 0.03828125 0.0328125
4 0.4484375 0.65859375 0.05546875 0.05234375
4 0.52734375 0.65859375 0.0265625 0.0328125
4 0.3765625 0.6609375 0.03125 0.0375
4 0.39765625 0.67265625 0.03125 0.0453125
4 0.1515625 0.68125 0.04296875 0.04765625
4 0.4859375 0.6828125 0.03359375 0.03515625
4 0.4265625 0.69140625 0.040625 0.0375
4 0.2984375 0.69375 0.03828125 0.02734375
4 0.5265625 0.6953125 0.0578125 0.05
4 0.2546875 0.70625 0.0484375 0.0328125
4 0.2140625 0.71015625 0.0484375 0.0453125
4 0.11640625 0.7140625 0.03125 0.0375
4 0.1546875 0.7234375 0.040625 0.04765625
4 0.39765625 0.73984375 0.040625 0.05
4 0.18515625 0.7546875 0.0484375 0.0546875
4 0.32109375 0.76875 0.040625 0.0328125
4 0.22109375 0.7734375 0.053125 0.0421875
4 0.44609375 0.7734375 0.0359375 0.0328125
4 0.4109375 0.7796875 0.0484375 0.05
4 0.50390625 0.78984375 0.040625 0.06015625
4 0.196875 0.8015625 0.0484375 0.0328125
4 0.4515625 0.8109375 0.02890625 0.04765625
4 0.35703125 0.8125 0.0265625 0.03515625
4 0.125 0.81640625 0.04296875 0.0328125
4 0.32578125 0.8234375 0.040625 0.05234375
4 0.15859375 0.8359375 0.03828125 0.0328125
4 0.4015625 0.84140625 0.053125 0.04765625
4 0.49375 0.84375 0.05078125 0.0421875
4 0.3703125 0.85625 0.03359375 0.0421875
4 0.15390625 0.86015625 0.02890625 0.0296875
4 0.38828125 0.88125 0.040625 0.0375
4 0.3109375 0.92109375 0.0265625 0.02734375
4 0.39921875 0.925 0.04296875 0.03515625
4 0.3640625 0.93125 0.03125 0.0328125
4 0.28984375 0.9359375 0.05078125 0.0375
4 0.16796875 0.9390625 0.04296875 0.0421875